15 0.125455 0.571038 0.105455 0.191257
15 0.289091 0.904372 0.120000 0.191257
15 0.516364 0.811475 0.138182 0.245902
15 0.369091 0.579235 0.098182 0.196721
15 0.558182 0.606557 0.105455 0.163934
15 0.741818 0.587432 0.094545 0.180328
15 0.870909 0.590164 0.105455 0.163934
15 0.083636 0.401639 0.101818 0.158470
15 0.236364 0.420765 0.109091 0.174863
15 0.460000 0.453552 0.083636 0.163934
15 0.581818 0.426230 0.087273 0.153005
15 0.723636 0.404372 0.094545 0.153005
15 0.850909 0.423497 0.094545 0.169399
15 0.161818 0.289617 0.090909 0.174863
15 0.309091 0.284153 0.087273 0.153005
15 0.470909 0.306011 0.090909 0.142077
15 0.729091 0.284153 0.098182 0.131148
15 0.880000 0.286885 0.101818 0.158470
15 0.634545 0.199454 0.069091 0.125683
15 0.365455 0.166667 0.083636 0.125683
15 0.729091 0.120219 0.061818 0.109290
15 0.876364 0.103825 0.065455 0.109290
15 0.949091 0.229508 0.058182 0.120219
15 0.560000 0.054645 0.058182 0.098361
