16 0.047297 0.835294 0.087838 0.164706
16 0.170608 0.794118 0.084459 0.164706
16 0.359797 0.729412 0.077703 0.188235
16 0.300676 0.902941 0.094595 0.135294
16 0.472973 0.797059 0.060811 0.147059
16 0.601351 0.805882 0.074324 0.176471
16 0.739865 0.708824 0.074324 0.170588
16 0.756757 0.917647 0.067568 0.164706
16 0.895270 0.723529 0.067568 0.176471
16 0.920608 0.914706 0.084459 0.170588
16 0.915541 0.494118 0.067568 0.164706
16 0.788851 0.502941 0.077703 0.147059
16 0.604730 0.476471 0.074324 0.141176
16 0.515203 0.605882 0.057432 0.152941
16 0.425676 0.473529 0.074324 0.147059
16 0.315878 0.508824 0.064189 0.147059
16 0.217905 0.561765 0.070946 0.147059
16 0.089527 0.420588 0.091216 0.158824
16 0.045608 0.126471 0.070946 0.147059
16 0.224662 0.285294 0.064189 0.135294
16 0.327703 0.267647 0.060811 0.123529
16 0.471284 0.200000 0.070946 0.129412
16 0.628378 0.217647 0.060811 0.141176
16 0.701014 0.335294 0.050676 0.141176
16 0.817568 0.276471 0.054054 0.141176
16 0.961149 0.255882 0.064189 0.158824
16 0.234797 0.147059 0.064189 0.129412
16 0.315878 0.097059 0.064189 0.135294
16 0.523649 0.050000 0.054054 0.088235
16 0.650338 0.052941 0.064189 0.094118
16 0.790541 0.105882 0.067568 0.152941
16 0.918919 0.058824 0.067568 0.105882
