16 0.111969 0.422680 0.084942 0.144330
16 0.218147 0.456186 0.073359 0.118557
16 0.322394 0.505155 0.073359 0.134021
16 0.289575 0.417526 0.069498 0.113402
16 0.415058 0.528351 0.065637 0.108247
16 0.413127 0.430412 0.061776 0.097938
16 0.503861 0.322165 0.065637 0.108247
16 0.552124 0.435567 0.061776 0.108247
16 0.590734 0.494845 0.069498 0.123711
16 0.650579 0.420103 0.065637 0.108247
16 0.691120 0.489691 0.069498 0.134021
16 0.772201 0.394330 0.077220 0.128866
16 0.824324 0.471649 0.081081 0.128866
16 0.913127 0.427835 0.081081 0.134021
