16 0.198182 0.751366 0.112727 0.191257
16 0.169091 0.571038 0.090909 0.191257
16 0.174545 0.327869 0.080000 0.185792
16 0.056364 0.229508 0.083636 0.163934
16 0.120000 0.049180 0.065455 0.087432
16 0.290909 0.098361 0.072727 0.153005
16 0.358182 0.491803 0.076364 0.163934
16 0.496364 0.494536 0.090909 0.147541
16 0.436364 0.112022 0.080000 0.180328
16 0.683636 0.396175 0.080000 0.180328
16 0.461818 0.871585 0.080000 0.169399
16 0.720000 0.685792 0.080000 0.158470
16 0.783636 0.912568 0.098182 0.174863
16 0.920000 0.683060 0.094545 0.196721
16 0.769091 0.166667 0.069091 0.147541
16 0.970909 0.128415 0.058182 0.169399
