16 0.051839 0.573964 0.076923 0.201183
16 0.128763 0.464497 0.083612 0.171598
16 0.038462 0.352071 0.070234 0.159763
16 0.041806 0.210059 0.056856 0.112426
16 0.026756 0.082840 0.046823 0.118343
16 0.264214 0.517751 0.080268 0.218935
16 0.292642 0.355030 0.076923 0.130178
16 0.250836 0.251479 0.053512 0.112426
16 0.172241 0.198225 0.050167 0.112426
16 0.117057 0.112426 0.053512 0.106509
16 0.070234 0.062130 0.040134 0.112426
16 0.416388 0.538462 0.076923 0.201183
16 0.570234 0.532544 0.076923 0.189349
16 0.729097 0.579882 0.093645 0.201183
16 0.931438 0.594675 0.096990 0.195266
16 0.428094 0.357988 0.086957 0.159763
16 0.648829 0.349112 0.066890 0.165680
16 0.812709 0.360947 0.073579 0.201183
16 0.958194 0.431953 0.070234 0.165680
16 0.531773 0.254438 0.060201 0.130178
16 0.371237 0.162722 0.053512 0.124260
16 0.478261 0.207101 0.060201 0.130178
16 0.712375 0.278107 0.053512 0.142012
16 0.881271 0.162722 0.050167 0.124260
16 0.872910 0.286982 0.066890 0.136095
16 0.441472 0.133136 0.053512 0.112426
