16 0.169091 0.524590 0.069091 0.142077
16 0.341818 0.510929 0.065455 0.136612
16 0.030909 0.483607 0.054545 0.147541
15 0.094545 0.751366 0.080000 0.169399
15 0.210909 0.778689 0.094545 0.169399
15 0.490909 0.431694 0.058182 0.109290
15 0.718182 0.530055 0.069091 0.120219
15 0.605455 0.418033 0.061818 0.103825
15 0.829091 0.423497 0.050909 0.103825
15 0.932727 0.538251 0.069091 0.114754
15 0.269091 0.423497 0.065455 0.125683
15 0.618182 0.311475 0.058182 0.109290
15 0.887273 0.907104 0.109091 0.185792
