16 0.478333 0.755000 0.058889 0.133333
16 0.541111 0.910000 0.077778 0.180000
16 0.083333 0.540000 0.062222 0.130000
16 0.407778 0.454167 0.071111 0.125000
16 0.555556 0.404167 0.064444 0.118333
16 0.842222 0.891667 0.075556 0.133333
16 0.963889 0.748333 0.072222 0.126667
16 0.774444 0.337500 0.055556 0.125000
16 0.122222 0.849167 0.062222 0.101667
16 0.176111 0.397500 0.058889 0.105000
16 0.304444 0.248333 0.057778 0.106667
16 0.503889 0.260833 0.050000 0.121667
16 0.921111 0.190833 0.053333 0.088333
16 0.741667 0.054167 0.043333 0.098333
