15 0.252083 0.769048 0.064167 0.147619
15 0.151250 0.669841 0.044167 0.111111
15 0.842083 0.802381 0.055833 0.157143
15 0.835417 0.636508 0.044167 0.088889
15 0.406667 0.535714 0.035000 0.084127
15 0.147500 0.467460 0.030000 0.071429
15 0.032917 0.490476 0.037500 0.066667
15 0.137083 0.401587 0.024167 0.050794
15 0.835417 0.410317 0.019167 0.058730
15 0.797917 0.446032 0.022500 0.060317
15 0.900417 0.161111 0.019167 0.052381
15 0.938750 0.134921 0.015833 0.047619
15 0.695417 0.115873 0.010833 0.028571
15 0.359583 0.111905 0.007500 0.023810
