15 0.246845 0.413712 0.121451 0.208038
15 0.462934 0.424350 0.064669 0.148936
15 0.922713 0.583924 0.113565 0.250591
15 0.861199 0.408983 0.053628 0.104019
15 0.647476 0.332151 0.042587 0.101655
15 0.527603 0.361702 0.055205 0.113475
15 0.389590 0.360520 0.059937 0.115839
15 0.319401 0.256501 0.058360 0.111111
15 0.161672 0.193853 0.058360 0.099291
15 0.413249 0.226950 0.047319 0.080378
15 0.872240 0.269504 0.031546 0.070922
15 0.806782 0.241135 0.033123 0.061466
15 0.470032 0.161939 0.025237 0.054374
15 0.530757 0.180851 0.026814 0.059102
15 0.546530 0.260047 0.045741 0.094563
15 0.239748 0.217494 0.044164 0.089835
15 0.660883 0.165485 0.022082 0.042553
15 0.677445 0.229314 0.026814 0.052009
15 0.585962 0.200946 0.020505 0.037825
