16 0.517570 0.532227 0.074671 0.138672
16 0.609078 0.486328 0.067350 0.117188
16 0.301611 0.611328 0.079063 0.117188
16 0.378477 0.522461 0.054173 0.080078
16 0.035871 0.550781 0.060029 0.089844
16 0.140556 0.530273 0.067350 0.103516
16 0.267936 0.513672 0.052709 0.070312
16 0.325769 0.505859 0.051245 0.078125
16 0.404832 0.454102 0.057101 0.076172
16 0.811859 0.559570 0.057101 0.130859
16 0.770132 0.464844 0.061493 0.101562
16 0.508785 0.350586 0.042460 0.068359
16 0.445827 0.358398 0.045388 0.076172
16 0.278184 0.410156 0.046852 0.062500
16 0.344802 0.414062 0.054173 0.082031
