15 0.285455 0.893443 0.120000 0.213115
15 0.518182 0.806011 0.127273 0.256831
15 0.120000 0.560109 0.109091 0.213115
15 0.374545 0.579235 0.080000 0.185792
15 0.560000 0.606557 0.087273 0.163934
15 0.743636 0.579235 0.083636 0.174863
15 0.872727 0.587432 0.087273 0.147541
15 0.245455 0.412568 0.069091 0.169399
15 0.461818 0.450820 0.072727 0.158470
15 0.583636 0.423497 0.069091 0.147541
15 0.734545 0.418033 0.065455 0.114754
15 0.860000 0.426230 0.061818 0.142077
15 0.474545 0.311475 0.069091 0.120219
15 0.889091 0.278689 0.054545 0.120219
15 0.078182 0.387978 0.076364 0.142077
15 0.312727 0.297814 0.065455 0.125683
15 0.369091 0.163934 0.076364 0.131148
15 0.638182 0.199454 0.054545 0.114754
15 0.729091 0.114754 0.061818 0.120219
