16 0.201818 0.748634 0.083636 0.174863
16 0.167273 0.568306 0.080000 0.185792
16 0.358182 0.491803 0.054545 0.163934
16 0.492727 0.483607 0.069091 0.125683
16 0.465455 0.874317 0.058182 0.153005
16 0.787273 0.912568 0.083636 0.163934
16 0.914545 0.685792 0.069091 0.158470
16 0.680000 0.393443 0.072727 0.142077
16 0.167273 0.322404 0.065455 0.163934
16 0.287273 0.095628 0.058182 0.125683
16 0.770909 0.163934 0.065455 0.131148
16 0.436364 0.114754 0.050909 0.153005
16 0.052727 0.224044 0.054545 0.142077
