16 0.267857 0.827381 0.067460 0.154762
16 0.443254 0.786376 0.064286 0.125661
16 0.363889 0.741402 0.064286 0.117725
16 0.114286 0.802910 0.087302 0.132275
16 0.942857 0.806878 0.063492 0.132275
16 0.875794 0.664021 0.046825 0.103175
16 0.956349 0.667328 0.042857 0.085979
16 0.755159 0.066138 0.027778 0.058201
16 0.700794 0.049603 0.026984 0.046296
16 0.692460 0.266534 0.027778 0.064815
16 0.638492 0.274471 0.026190 0.056878
16 0.657540 0.092593 0.024603 0.050265
16 0.625000 0.085317 0.021429 0.054233
16 0.565079 0.283730 0.025397 0.043651
16 0.590079 0.106481 0.023016 0.046296
16 0.545635 0.118386 0.019841 0.054233
15 0.498810 0.285053 0.019841 0.051587
15 0.493651 0.144841 0.023810 0.056878
15 0.451587 0.102513 0.020635 0.041005
15 0.423413 0.138889 0.019841 0.037037
