16 0.042230 0.841176 0.077703 0.141176
16 0.172297 0.802941 0.074324 0.147059
16 0.356419 0.729412 0.064189 0.152941
16 0.469595 0.791176 0.054054 0.123529
16 0.513514 0.594118 0.054054 0.141176
16 0.592905 0.805882 0.070946 0.152941
16 0.739865 0.708824 0.060811 0.147059
16 0.761824 0.935294 0.070946 0.129412
16 0.891892 0.723529 0.054054 0.141176
16 0.923986 0.926471 0.077703 0.147059
16 0.783784 0.494118 0.067568 0.141176
16 0.603041 0.464706 0.057432 0.141176
16 0.913851 0.482353 0.064189 0.152941
16 0.425676 0.470588 0.067568 0.141176
16 0.317568 0.500000 0.067568 0.129412
16 0.217905 0.552941 0.064189 0.117647
16 0.086149 0.417647 0.077703 0.141176
16 0.224662 0.279412 0.064189 0.123529
16 0.324324 0.264706 0.060811 0.117647
16 0.469595 0.194118 0.060811 0.105882
16 0.623311 0.205882 0.057432 0.141176
16 0.699324 0.320588 0.047297 0.147059
16 0.815878 0.270588 0.057432 0.129412
16 0.962838 0.255882 0.054054 0.135294
16 0.048986 0.123529 0.070946 0.129412
16 0.236486 0.147059 0.054054 0.117647
16 0.315878 0.094118 0.064189 0.129412
16 0.655405 0.050000 0.047297 0.088235
16 0.790541 0.111765 0.054054 0.129412
16 0.917230 0.047059 0.050676 0.082353
