15 0.413934 0.687158 0.077413 0.158470
15 0.505464 0.729508 0.078324 0.174863
15 0.670765 0.616803 0.073770 0.157104
15 0.535974 0.452869 0.084699 0.154372
15 0.307832 0.385929 0.065574 0.135246
15 0.092441 0.428962 0.075592 0.139344
15 0.040984 0.564891 0.076503 0.168033
15 0.835155 0.693989 0.078324 0.139344
15 0.724044 0.431694 0.071038 0.142077
15 0.917577 0.415301 0.062842 0.147541
15 0.850182 0.338115 0.061020 0.124317
15 0.558743 0.273224 0.062842 0.131148
15 0.405282 0.290301 0.071038 0.124317
15 0.158015 0.266393 0.064663 0.133880
15 0.076503 0.175546 0.061931 0.121585
15 0.785974 0.181694 0.052823 0.128415
