15 0.48605150214592274 0.415 0.07188841201716738 0.03357142857142857
15 0.5203862660944206 0.4642857142857143 0.046137339055793994 0.027857142857142858
15 0.44527896995708155 0.5871428571428572 0.06974248927038626 0.032857142857142856
15 0.3776824034334764 0.49714285714285716 0.06974248927038626 0.04357142857142857
15 0.24892703862660945 0.5214285714285715 0.06652360515021459 0.03785714285714286
15 0.3218884120171674 0.8078571428571428 0.07296137339055794 0.03571428571428571
15 0.4645922746781116 0.7964285714285714 0.0611587982832618 0.027857142857142858
15 0.4978540772532189 0.6714285714285714 0.06437768240343347 0.03785714285714286
15 0.5600858369098712 0.6021428571428571 0.05472103004291846 0.03571428571428571
15 0.16952789699570817 0.7292857142857143 0.05257510729613734 0.020714285714285713
15 0.1791845493562232 0.9378571428571428 0.05150214592274678 0.035
15 0.33905579399141633 0.9728571428571429 0.05686695278969957 0.02857142857142857
15 0.4957081545064378 0.2764285714285714 0.060085836909871244 0.030714285714285715
15 0.24570815450643776 0.024285714285714285 0.06437768240343347 0.032857142857142856
15 0.12875536480686695 0.037142857142857144 0.060085836909871244 0.04
15 0.8240343347639485 0.025 0.05793991416309013 0.03571428571428571
15 0.7424892703862661 0.03785714285714286 0.0611587982832618 0.032857142857142856
15 0.6984978540772532 0.735 0.045064377682403435 0.027857142857142858
15 0.7317596566523605 0.5671428571428572 0.0536480686695279 0.027857142857142858
15 0.878755364806867 0.865 0.059012875536480686 0.030714285714285715
15 0.8658798283261803 0.7742857142857142 0.060085836909871244 0.027857142857142858
15 0.7993562231759657 0.6728571428571428 0.0536480686695279 0.027857142857142858
15 0.9603004291845494 0.435 0.04935622317596566 0.027857142857142858
15 0.9152360515021459 0.15214285714285714 0.04935622317596566 0.032857142857142856
15 0.9324034334763949 0.3264285714285714 0.0536480686695279 0.022857142857142857
15 0.9796137339055794 0.5921428571428572 0.0407725321888412 0.027857142857142858
15 0.9420600858369099 0.7478571428571429 0.048283261802575105 0.025714285714285714
16 0.9763948497854077 0.6942857142857143 0.04291845493562232 0.027142857142857142
15 0.6255364806866953 0.965 0.059012875536480686 0.035
15 0.5547210300429185 0.23 0.0536480686695279 0.037142857142857144
