15 0.415 0.5139484978540773 0.032857142857142856 0.07081545064377683
15 0.4642857142857143 0.4796137339055794 0.027142857142857142 0.045064377682403435
15 0.5864285714285714 0.5547210300429185 0.03214285714285714 0.06866952789699571
15 0.49714285714285716 0.6223175965665236 0.04285714285714286 0.06866952789699571
15 0.5214285714285715 0.7510729613733905 0.037142857142857144 0.06545064377682404
15 0.8071428571428572 0.6781115879828327 0.035 0.07188841201716738
15 0.7964285714285714 0.5354077253218884 0.027142857142857142 0.060085836909871244
15 0.6714285714285714 0.5021459227467812 0.037142857142857144 0.06330472103004292
15 0.6014285714285714 0.43991416309012876 0.035 0.0536480686695279
15 0.7292857142857143 0.8304721030042919 0.02 0.05150214592274678
15 0.9378571428571428 0.8208154506437768 0.03428571428571429 0.05042918454935622
15 0.9721428571428572 0.6609442060085837 0.027857142857142858 0.055793991416309016
15 0.2764285714285714 0.5042918454935622 0.03 0.059012875536480686
15 0.023571428571428573 0.7542918454935622 0.03214285714285714 0.06330472103004292
15 0.03642857142857143 0.871244635193133 0.039285714285714285 0.059012875536480686
15 0.024285714285714285 0.1759656652360515 0.035 0.05686695278969957
15 0.037142857142857144 0.2575107296137339 0.03214285714285714 0.060085836909871244
15 0.735 0.30150214592274677 0.027142857142857142 0.043991416309012876
15 0.5671428571428572 0.26824034334763946 0.027142857142857142 0.05257510729613734
15 0.865 0.12124463519313304 0.03 0.05793991416309013
15 0.7742857142857142 0.13412017167381973 0.027142857142857142 0.059012875536480686
15 0.6728571428571428 0.20064377682403434 0.027142857142857142 0.05257510729613734
15 0.435 0.03969957081545064 0.027142857142857142 0.048283261802575105
15 0.15142857142857144 0.08476394849785408 0.03214285714285714 0.048283261802575105
15 0.32571428571428573 0.06759656652360516 0.02214285714285714 0.05257510729613734
15 0.5921428571428572 0.0203862660944206 0.027142857142857142 0.0407725321888412
15 0.7471428571428571 0.05793991416309013 0.025 0.04721030042918455
16 0.6935714285714286 0.023605150214592276 0.02642857142857143 0.04184549356223176
15 0.965 0.37446351931330474 0.03428571428571429 0.05793991416309013
15 0.2292857142857143 0.44527896995708155 0.03642857142857143 0.05257510729613734
