15 0.5842857142857143 0.5139484978540773 0.03357142857142857 0.07188841201716738
15 0.535 0.4796137339055794 0.027857142857142858 0.046137339055793994
15 0.41285714285714287 0.5547210300429185 0.032857142857142856 0.06974248927038626
15 0.5021428571428571 0.6223175965665236 0.04357142857142857 0.06974248927038626
15 0.47785714285714287 0.7521459227467812 0.03785714285714286 0.06652360515021459
15 0.19214285714285714 0.6791845493562232 0.03571428571428571 0.07296137339055794
15 0.20285714285714285 0.5354077253218884 0.027857142857142858 0.0611587982832618
15 0.32785714285714285 0.5032188841201717 0.03785714285714286 0.06437768240343347
15 0.39785714285714285 0.43991416309012876 0.03571428571428571 0.05472103004291846
15 0.27 0.8304721030042919 0.020714285714285713 0.05257510729613734
15 0.06142857142857143 0.8218884120171673 0.035 0.05150214592274678
15 0.027142857142857142 0.6609442060085837 0.02857142857142857 0.05686695278969957
15 0.7228571428571429 0.5053648068669528 0.030714285714285715 0.060085836909871244
15 0.9757142857142858 0.7553648068669528 0.032857142857142856 0.06437768240343347
15 0.9628571428571429 0.8723175965665236 0.04 0.060085836909871244
15 0.975 0.17703862660944206 0.03571428571428571 0.05793991416309013
15 0.9621428571428572 0.2575107296137339 0.032857142857142856 0.0611587982832618
15 0.2642857142857143 0.30257510729613735 0.027857142857142858 0.045064377682403435
15 0.43214285714285716 0.26931330472103004 0.027857142857142858 0.0536480686695279
15 0.13428571428571429 0.12124463519313304 0.030714285714285715 0.059012875536480686
15 0.225 0.1351931330472103 0.027857142857142858 0.060085836909871244
15 0.3264285714285714 0.2017167381974249 0.027857142857142858 0.0536480686695279
15 0.5642857142857143 0.0407725321888412 0.027857142857142858 0.04935622317596566
15 0.8478571428571429 0.08583690987124463 0.032857142857142856 0.04935622317596566
15 0.6735714285714286 0.06866952789699571 0.022857142857142857 0.0536480686695279
15 0.40714285714285714 0.0203862660944206 0.027857142857142858 0.04184549356223176
15 0.25214285714285717 0.05793991416309013 0.025714285714285714 0.048283261802575105
16 0.3057142857142857 0.02467811158798283 0.027142857142857142 0.04291845493562232
15 0.03428571428571429 0.37446351931330474 0.035 0.059012875536480686
15 0.77 0.44635193133047213 0.037142857142857144 0.0536480686695279
