16 0.23060029282576866 0.328125 0.09882869692532943 0.20182291666666666
16 0.7415812591508053 0.8294270833333334 0.03074670571010249 0.06510416666666667
16 0.7686676427525623 0.5755208333333334 0.043923865300146414 0.10416666666666667
16 0.9099560761346999 0.421875 0.05710102489019034 0.15625
16 0.6449487554904831 0.6536458333333334 0.038799414348462666 0.08723958333333333
16 0.5746705710102489 0.70703125 0.03513909224011713 0.059895833333333336
16 0.22986822840409957 0.5260416666666666 0.055636896046852125 0.12109375
16 0.2613469985358712 0.6080729166666666 0.034407027818448024 0.09895833333333333
16 0.4882869692532943 0.765625 0.02342606149341142 0.057291666666666664
16 0.5146412884333821 0.7330729166666666 0.02635431918008785 0.049479166666666664
