16 0.23060029282576866 0.6705729166666666 0.09809663250366032 0.20052083333333334
16 0.7408491947291361 0.16927083333333334 0.030014641288433383 0.06380208333333333
16 0.7679355783308931 0.4231770833333333 0.04319180087847731 0.10286458333333333
16 0.9092240117130308 0.5768229166666666 0.05636896046852123 0.15494791666666666
16 0.6449487554904831 0.3450520833333333 0.03806734992679356 0.0859375
16 0.5739385065885798 0.2916666666666667 0.034407027818448024 0.05859375
16 0.22913616398243045 0.47265625 0.05490483162518302 0.11979166666666667
16 0.2613469985358712 0.390625 0.03367496339677892 0.09765625
16 0.48755490483162517 0.23307291666666666 0.022693997071742314 0.055989583333333336
16 0.513909224011713 0.265625 0.02562225475841874 0.048177083333333336
