15 0.42987012987012985 0.5828460038986355 0.053246753246753244 0.11500974658869395
15 0.18181818181818182 0.5789473684210527 0.04935064935064935 0.0682261208576998
15 0.12597402597402596 0.4600389863547758 0.04155844155844156 0.08576998050682261
15 0.3207792207792208 0.3762183235867446 0.04155844155844156 0.07407407407407407
15 0.37012987012987014 0.49902534113060426 0.045454545454545456 0.10331384015594541
15 0.5974025974025974 0.4834307992202729 0.048051948051948054 0.07212475633528265
15 0.6402597402597403 0.4249512670565302 0.03766233766233766 0.06042884990253411
15 0.7467532467532467 0.47953216374269003 0.04935064935064935 0.09746588693957114
15 0.8246753246753247 0.4346978557504873 0.04025974025974026 0.07797270955165692
15 0.8571428571428571 0.49902534113060426 0.045454545454545456 0.09161793372319688
15 0.9727272727272728 0.35477582846003897 0.048051948051948054 0.08576998050682261
15 0.974025974025974 0.46393762183235865 0.048051948051948054 0.10331384015594541
15 0.8116883116883117 0.6276803118908382 0.05714285714285714 0.1111111111111111
15 0.6246753246753247 0.6335282651072125 0.053246753246753244 0.07992202729044834
15 0.4155844155844156 0.41325536062378165 0.04025974025974026 0.07212475633528265
15 0.15584415584415584 0.30994152046783624 0.02857142857142857 0.06042884990253411
15 0.5714285714285714 0.3333333333333333 0.02857142857142857 0.06237816764132553
15 0.6506493506493507 0.33723196881091616 0.02857142857142857 0.06237816764132553
15 0.3948051948051948 0.3255360623781676 0.02727272727272727 0.06042884990253411
