15 0.5688311688311688 0.4152046783625731 0.05454545454545454 0.11695906432748537
15 0.8168831168831169 0.4191033138401559 0.05064935064935065 0.07017543859649122
15 0.8727272727272727 0.5380116959064327 0.04285714285714286 0.08771929824561403
15 0.6779220779220779 0.621832358674464 0.04285714285714286 0.07602339181286549
15 0.6285714285714286 0.49902534113060426 0.046753246753246755 0.10526315789473684
15 0.4012987012987013 0.5146198830409356 0.04935064935064935 0.07407407407407407
15 0.35844155844155845 0.5730994152046783 0.03896103896103896 0.06237816764132553
15 0.2519480519480519 0.5185185185185185 0.05064935064935065 0.09941520467836257
15 0.17402597402597403 0.5633528265107213 0.04155844155844156 0.07992202729044834
15 0.14155844155844155 0.49902534113060426 0.046753246753246755 0.0935672514619883
15 0.025974025974025976 0.6432748538011696 0.04935064935064935 0.08771929824561403
15 0.024675324675324677 0.5341130604288499 0.04935064935064935 0.10526315789473684
15 0.18701298701298702 0.37037037037037035 0.05844155844155844 0.11306042884990253
15 0.37402597402597404 0.3645224171539961 0.05454545454545454 0.08187134502923976
15 0.5831168831168831 0.5847953216374269 0.04155844155844156 0.07407407407407407
15 0.8428571428571429 0.6881091617933723 0.02987012987012987 0.06237816764132553
15 0.42727272727272725 0.6647173489278753 0.02987012987012987 0.06432748538011696
15 0.34805194805194806 0.6608187134502924 0.02987012987012987 0.06432748538011696
15 0.6038961038961039 0.672514619883041 0.02857142857142857 0.06237816764132553
