16 0.284375 0.7516129032258064 0.029166666666666667 0.056451612903225805
16 0.22291666666666668 0.7241935483870968 0.035416666666666666 0.05967741935483871
16 0.14479166666666668 0.7758064516129032 0.035416666666666666 0.0467741935483871
16 0.49895833333333334 0.7516129032258064 0.029166666666666667 0.05806451612903226
16 0.4625 0.6516129032258065 0.025 0.0532258064516129
16 0.8333333333333334 0.9129032258064517 0.029166666666666667 0.05161290322580645
16 0.775 0.6048387096774194 0.028125 0.05806451612903226
16 0.69375 0.6483870967741936 0.026041666666666668 0.04516129032258064
16 0.24479166666666666 0.36129032258064514 0.028125 0.041935483870967745
16 0.309375 0.41451612903225804 0.019791666666666666 0.05
16 0.2875 0.3209677419354839 0.021875 0.03870967741935484
16 0.190625 0.3161290322580645 0.025 0.05
16 0.13645833333333332 0.30483870967741933 0.029166666666666667 0.0467741935483871
16 0.39479166666666665 0.21451612903225806 0.019791666666666666 0.0532258064516129
16 0.3260416666666667 0.20483870967741935 0.025 0.041935483870967745
16 0.40729166666666666 0.03870967741935484 0.01875 0.035483870967741936
16 0.5854166666666667 0.22419354838709676 0.01875 0.03870967741935484
16 0.4895833333333333 0.12741935483870967 0.019791666666666666 0.041935483870967745
16 0.30416666666666664 0.5548387096774193 0.022916666666666665 0.0467741935483871
16 0.18229166666666666 0.45 0.022916666666666665 0.05
16 0.01875 0.5387096774193548 0.03125 0.056451612903225805
16 0.36666666666666664 0.42096774193548386 0.022916666666666665 0.03064516129032258
15 0.7875 0.4129032258064516 0.022916666666666665 0.056451612903225805
15 0.1375 0.5790322580645161 0.026041666666666668 0.04516129032258064
15 0.21979166666666666 0.5983870967741935 0.028125 0.041935483870967745
15 0.0625 0.7725806451612903 0.03229166666666667 0.043548387096774194
15 0.6416666666666667 0.21451612903225806 0.028125 0.041935483870967745
