16 0.7145833333333333 0.2467741935483871 0.030208333333333334 0.05806451612903226
16 0.7760416666666666 0.27419354838709675 0.036458333333333336 0.06129032258064516
16 0.8541666666666666 0.22258064516129034 0.036458333333333336 0.04838709677419355
16 0.5 0.2467741935483871 0.030208333333333334 0.05967741935483871
16 0.5364583333333334 0.3467741935483871 0.026041666666666668 0.054838709677419356
16 0.165625 0.08548387096774193 0.030208333333333334 0.0532258064516129
16 0.22395833333333334 0.3935483870967742 0.029166666666666667 0.05967741935483871
16 0.30520833333333336 0.35 0.027083333333333334 0.0467741935483871
16 0.7541666666666667 0.6370967741935484 0.029166666666666667 0.043548387096774194
16 0.6895833333333333 0.5838709677419355 0.020833333333333332 0.05161290322580645
16 0.7114583333333333 0.6774193548387096 0.022916666666666665 0.04032258064516129
16 0.8083333333333333 0.682258064516129 0.026041666666666668 0.05161290322580645
16 0.8625 0.6935483870967742 0.030208333333333334 0.04838709677419355
16 0.6041666666666666 0.7838709677419354 0.020833333333333332 0.054838709677419356
16 0.6729166666666667 0.7935483870967742 0.026041666666666668 0.043548387096774194
16 0.5916666666666667 0.9596774193548387 0.019791666666666666 0.037096774193548385
16 0.41354166666666664 0.7741935483870968 0.019791666666666666 0.04032258064516129
16 0.509375 0.8709677419354839 0.020833333333333332 0.043548387096774194
16 0.6947916666666667 0.4435483870967742 0.023958333333333335 0.04838709677419355
16 0.8166666666666667 0.5483870967741935 0.023958333333333335 0.05161290322580645
16 0.9802083333333333 0.4596774193548387 0.03229166666666667 0.05806451612903226
16 0.6322916666666667 0.5774193548387097 0.023958333333333335 0.03225806451612903
15 0.21145833333333333 0.5854838709677419 0.023958333333333335 0.05806451612903226
15 0.8614583333333333 0.41935483870967744 0.027083333333333334 0.0467741935483871
15 0.7791666666666667 0.4 0.029166666666666667 0.043548387096774194
15 0.9364583333333333 0.22580645161290322 0.03333333333333333 0.04516129032258064
15 0.3572916666666667 0.7838709677419354 0.029166666666666667 0.043548387096774194
