15 0.42531876138433516 0.46986089644513135 0.05555555555555555 0.1267387944358578
15 0.49271402550091076 0.3616692426584235 0.04553734061930783 0.10046367851622875
15 0.6502732240437158 0.27202472952086554 0.04189435336976321 0.10819165378670788
15 0.7923497267759563 0.17928902627511592 0.037340619307832425 0.08191653786707882
15 0.9489981785063752 0.18083462132921174 0.040983606557377046 0.11128284389489954
15 0.9681238615664846 0.33384853168469864 0.037340619307832425 0.12364760432766615
15 0.8087431693989071 0.3446676970633694 0.05191256830601093 0.10046367851622875
15 0.8561020036429873 0.26738794435857804 0.037340619307832425 0.11591962905718702
15 0.6475409836065574 0.5394126738794436 0.05555555555555555 0.11128284389489954
15 0.4034608378870674 0.7264296754250387 0.05191256830601093 0.14219474497681608
15 0.2768670309653916 0.6275115919629057 0.05555555555555555 0.12982998454404945
15 0.3242258652094718 0.46831530139103555 0.04735883424408015 0.1035548686244204
15 0.35063752276867033 0.3941267387944359 0.04371584699453552 0.09273570324574962
15 0.3697632058287796 0.4806800618238022 0.04371584699453552 0.11901081916537867
15 0.5245901639344263 0.6537867078825348 0.05191256830601093 0.11901081916537867
15 0.6657559198542805 0.8068006182380216 0.04918032786885246 0.1391035548686244
15 0.819672131147541 0.6831530139103554 0.04553734061930783 0.11591962905718702
15 0.9052823315118397 0.5718701700154559 0.04189435336976321 0.11901081916537867
15 0.4899817850637523 0.1901081916537867 0.044626593806921674 0.08500772797527048
15 0.3888888888888889 0.24884080370942813 0.044626593806921674 0.09582689335394126
15 0.2395264116575592 0.3972179289026275 0.040983606557377046 0.07418856259659969
15 0.17122040072859745 0.27666151468315303 0.03460837887067395 0.09582689335394126
15 0.36247723132969034 0.9381761978361669 0.060109289617486336 0.11282843894899536
15 0.5856102003642987 0.5378670788253478 0.04189435336976321 0.0973724884080371
15 0.43897996357012753 0.2302936630602782 0.037340619307832425 0.07727975270479134
15 0.4143897996357013 0.13446676970633695 0.030054644808743168 0.08500772797527048
15 0.592896174863388 0.17928902627511592 0.033697632058287796 0.08191653786707882
15 0.7122040072859745 0.12982998454404945 0.037340619307832425 0.08191653786707882
15 0.075591985428051 0.080370942812983 0.040983606557377046 0.08191653786707882
15 0.028233151183970857 0.1143740340030912 0.03825136612021858 0.08191653786707882
15 0.9663023679417122 0.5486862442040186 0.040983606557377046 0.10046367851622875
15 0.5792349726775956 0.29057187017001546 0.04918032786885246 0.11591962905718702
