15 0.5285935085007728 0.4262295081967213 0.12828438948995363 0.056466302367941715
15 0.6367851622874807 0.49271402550091076 0.10200927357032458 0.04644808743169399
15 0.7264296754250387 0.6502732240437158 0.10973724884080371 0.042805100182149364
15 0.8191653786707882 0.7932604735883424 0.08346213292117466 0.03825136612021858
15 0.8176197836166924 0.9499089253187614 0.11282843894899536 0.04189435336976321
15 0.6646058732612056 0.9690346083788707 0.125193199381762 0.03825136612021858
15 0.6537867078825348 0.8096539162112932 0.10200927357032458 0.052823315118397086
15 0.7310664605873262 0.8570127504553734 0.11746522411128284 0.03825136612021858
15 0.45904173106646057 0.6484517304189436 0.11282843894899536 0.056466302367941715
15 0.27202472952086554 0.40437158469945356 0.1437403400309119 0.052823315118397086
15 0.37094281298299847 0.2777777777777778 0.13137557959814528 0.056466302367941715
15 0.5301391035548686 0.3242258652094718 0.10510046367851623 0.0482695810564663
15 0.6043276661514683 0.35063752276867033 0.09428129829984544 0.044626593806921674
15 0.517774343122102 0.3697632058287796 0.1205564142194745 0.044626593806921674
15 0.3446676970633694 0.5255009107468124 0.1205564142194745 0.052823315118397086
15 0.19165378670788252 0.6657559198542805 0.14064914992272023 0.05009107468123861
15 0.31530139103554866 0.819672131147541 0.11746522411128284 0.04644808743169399
15 0.4265842349304482 0.9052823315118397 0.1205564142194745 0.042805100182149364
15 0.8083462132921174 0.49089253187613846 0.0865533230293663 0.04553734061930783
15 0.749613601236476 0.38979963570127507 0.0973724884080371 0.04553734061930783
15 0.6012364760432767 0.24043715846994534 0.07573415765069552 0.04189435336976321
15 0.7217928902627512 0.17122040072859745 0.0973724884080371 0.03551912568306011
15 0.06027820710973725 0.36247723132969034 0.1143740340030912 0.0610200364298725
15 0.4605873261205564 0.5856102003642987 0.09891808346213292 0.042805100182149364
15 0.768160741885626 0.43989071038251365 0.07882534775888717 0.03825136612021858
15 0.8639876352395672 0.41530054644808745 0.0865533230293663 0.030965391621129327
15 0.8191653786707882 0.5938069216757741 0.08346213292117466 0.03460837887067395
15 0.8686244204018547 0.7131147540983607 0.08346213292117466 0.03825136612021858
15 0.9180834621329211 0.07650273224043716 0.08346213292117466 0.04189435336976321
15 0.884080370942813 0.028233151183970857 0.08346213292117466 0.039162112932604735
15 0.44976816074188564 0.9672131147540983 0.10200927357032458 0.04189435336976321
15 0.7078825347758887 0.5792349726775956 0.11746522411128284 0.05009107468123861
