15 0.2905027932960894 0.12824675324675325 0.07501995211492418 0.22564935064935066
15 0.45411013567438147 0.12012987012987013 0.05985634477254589 0.18668831168831168
15 0.5546687948922586 0.18181818181818182 0.06304868316041501 0.16558441558441558
15 0.7071029529130087 0.375 0.05746209098164405 0.15584415584415584
15 0.6807661612130886 0.5194805194805194 0.05426975259377494 0.13474025974025974
15 0.8212290502793296 0.4659090909090909 0.060654429369513166 0.14772727272727273
15 0.8866719872306464 0.48214285714285715 0.047885075818036714 0.14772727272727273
15 0.7422186751795691 0.637987012987013 0.05666400638467677 0.137987012987013
15 0.8770949720670391 0.7451298701298701 0.03750997605746209 0.10876623376623376
15 0.9241819632881085 0.7905844155844156 0.035115722266560255 0.10064935064935066
