15 0.2897047086991221 0.8701298701298701 0.0742218675179569 0.22402597402597402
15 0.45411013567438147 0.8782467532467533 0.05905826017557861 0.18506493506493507
15 0.5546687948922586 0.8165584415584416 0.06225059856344772 0.16396103896103897
15 0.7063048683160414 0.6233766233766234 0.05666400638467677 0.15422077922077923
15 0.6799680766161214 0.4788961038961039 0.053471667996807665 0.1331168831168831
15 0.8204309656823623 0.5324675324675324 0.05985634477254589 0.1461038961038961
15 0.8858739026336792 0.5162337662337663 0.047086991221069435 0.1461038961038961
15 0.7422186751795691 0.36038961038961037 0.055865921787709494 0.13636363636363635
15 0.8770949720670391 0.2532467532467532 0.03671189146049481 0.10714285714285714
15 0.9233838786911412 0.2077922077922078 0.034317637669592976 0.09902597402597403
