15 0.7185714285714285 0.3798283261802575 0.06857142857142857 0.12660944206008584
15 0.7014285714285714 0.1459227467811159 0.11857142857142858 0.1459227467811159
15 0.4542857142857143 0.3218884120171674 0.07571428571428572 0.13304721030042918
15 0.2542857142857143 0.20815450643776823 0.11285714285714285 0.1759656652360515
15 0.2542857142857143 0.4012875536480687 0.055714285714285716 0.09227467811158799
15 0.12 0.3648068669527897 0.07285714285714286 0.08583690987124463
15 0.5014285714285714 0.4892703862660944 0.041428571428571426 0.08798283261802575
15 0.7957142857142857 0.43991416309012876 0.06857142857142857 0.07081545064377683
15 0.5057142857142857 0.5686695278969958 0.025714285714285714 0.0536480686695279
15 0.17714285714285713 0.5021459227467812 0.02857142857142857 0.06223175965665236
15 0.047142857142857146 0.5042918454935622 0.03857142857142857 0.07296137339055794
