16 0.1257005604483587 0.6412478336221837 0.03282626100880705 0.07279029462738301
16 0.5540432345876701 0.58578856152513 0.03282626100880705 0.0831889081455806
16 0.6581265012009607 0.8648180242634316 0.02802241793434748 0.05199306759098787
16 0.3546837469975981 0.8440207972270364 0.025620496397117692 0.06412478336221837
16 0.40192153722978385 0.1681109185441941 0.02802241793434748 0.053726169844020795
16 0.36188951160928745 0.9705372616984402 0.021617293835068056 0.05545927209705372
16 0.6549239391513211 0.7816291161178509 0.03042433947157726 0.07972270363951472
16 0.8086469175340272 0.755632582322357 0.02321857485988791 0.0658578856152513
16 0.4035228182546037 0.6637781629116117 0.03042433947157726 0.06932409012131716
15 0.6805444355484388 0.5771230502599654 0.020016012810248198 0.06932409012131716
