16 0.6412478336221837 0.1257005604483587 0.07279029462738301 0.03282626100880705
16 0.58578856152513 0.5540432345876701 0.0831889081455806 0.03282626100880705
16 0.8648180242634316 0.6581265012009607 0.05199306759098787 0.02802241793434748
16 0.8440207972270364 0.3546837469975981 0.06412478336221837 0.025620496397117692
16 0.1681109185441941 0.40192153722978385 0.053726169844020795 0.02802241793434748
16 0.9705372616984402 0.36188951160928745 0.05545927209705372 0.021617293835068056
16 0.7816291161178509 0.6549239391513211 0.07972270363951472 0.03042433947157726
16 0.755632582322357 0.8086469175340272 0.0658578856152513 0.02321857485988791
16 0.6637781629116117 0.4035228182546037 0.06932409012131716 0.03042433947157726
15 0.5771230502599654 0.6805444355484388 0.06932409012131716 0.020016012810248198
