16 0.3140556368960469 0.3697916666666667 0.03806734992679356 0.07552083333333333
16 0.19692532942898974 0.6705729166666666 0.043923865300146414 0.09895833333333333
16 0.2525622254758419 0.5807291666666666 0.04026354319180088 0.09375
16 0.3535871156661786 0.2942708333333333 0.030014641288433383 0.07291666666666667
16 0.43997071742313326 0.052083333333333336 0.022693997071742314 0.052083333333333336
16 0.9502196193265008 0.3307291666666667 0.0314787701317716 0.06901041666666667
16 0.8843338213762811 0.7916666666666666 0.04026354319180088 0.08984375
16 0.787701317715959 0.90234375 0.053440702781844804 0.11979166666666667
16 0.44143484626647145 0.5520833333333334 0.0314787701317716 0.08854166666666667
16 0.4355783308931186 0.4322916666666667 0.036603221083455345 0.07552083333333333
16 0.3953147877013177 0.07161458333333333 0.0212298682284041 0.046875
