16 0.6852122986822841 0.62890625 0.038799414348462666 0.07682291666666667
16 0.8023426061493412 0.328125 0.04465592972181552 0.10026041666666667
16 0.746705710102489 0.41796875 0.040995607613469986 0.09505208333333333
16 0.6456808199121523 0.7044270833333334 0.03074670571010249 0.07421875
16 0.5592972181551976 0.9466145833333334 0.02342606149341142 0.053385416666666664
16 0.04904831625183016 0.66796875 0.032210834553440704 0.0703125
16 0.11493411420204978 0.20703125 0.040995607613469986 0.09114583333333333
16 0.21156661786237188 0.09635416666666667 0.05417276720351391 0.12109375
16 0.5578330893118595 0.4466145833333333 0.032210834553440704 0.08984375
16 0.5636896046852123 0.56640625 0.03733528550512445 0.07682291666666667
16 0.6039531478770132 0.9270833333333334 0.021961932650073207 0.048177083333333336
