16 0.6506935687263556 0.28714859437751006 0.06431273644388398 0.10843373493975904
16 0.832282471626734 0.05823293172690763 0.04539722572509458 0.08433734939759036
16 0.9243379571248423 0.44176706827309237 0.05926860025220681 0.10642570281124498
16 0.7011349306431274 0.751004016064257 0.0617906683480454 0.11646586345381527
16 0.6141235813366961 0.13253012048192772 0.04791929382093316 0.09839357429718876
16 0.3455233291298865 0.13654618473895583 0.0416141235813367 0.10441767068273092
16 0.1273644388398487 0.2389558232931727 0.04791929382093316 0.10642570281124498
16 0.05422446406052964 0.46184738955823296 0.05296343001261034 0.10843373493975904
16 0.4312736443883985 0.44176706827309237 0.05926860025220681 0.09839357429718876
16 0.9495586380832283 0.7208835341365462 0.05170239596469105 0.10240963855421686
16 0.4060529634300126 0.8634538152610441 0.044136191677175286 0.12650602409638553
