16 0.714859437751004 0.3480453972257251 0.10843373493975904 0.06431273644388398
16 0.9437751004016064 0.1677175283732661 0.08433734939759036 0.04539722572509458
16 0.5582329317269076 0.07440100882723834 0.10642570281124498 0.05926860025220681
16 0.25100401606425704 0.29760403530895335 0.11646586345381527 0.0617906683480454
16 0.8674698795180723 0.3858764186633039 0.09839357429718876 0.04791929382093316
16 0.8654618473895582 0.6532156368221942 0.10441767068273092 0.0416141235813367
16 0.7610441767068273 0.8726355611601513 0.10642570281124498 0.04791929382093316
16 0.5401606425702812 0.9457755359394704 0.10843373493975904 0.05296343001261034
16 0.5582329317269076 0.5674653215636822 0.09839357429718876 0.05926860025220681
16 0.2791164658634538 0.04918032786885246 0.10240963855421686 0.05170239596469105
16 0.13654618473895583 0.592686002522068 0.12650602409638553 0.044136191677175286
