15 0.658974358974359 0.41333333333333333 0.0858974358974359 0.04888888888888889
15 0.6102564102564103 0.25333333333333335 0.09230769230769231 0.06111111111111111
15 0.367948717948718 0.33555555555555555 0.1064102564102564 0.07666666666666666
15 0.3564102564102564 0.5877777777777777 0.09230769230769231 0.07666666666666666
15 0.39615384615384613 0.8533333333333334 0.1 0.057777777777777775
15 0.5974358974358974 0.5722222222222222 0.07564102564102564 0.03222222222222222
15 0.44743589743589746 0.07777777777777778 0.10128205128205128 0.06333333333333334
15 0.6538461538461539 0.9455555555555556 0.06538461538461539 0.034444444444444444
15 0.717948717948718 0.23 0.057692307692307696 0.03666666666666667
15 0.6269230769230769 0.18777777777777777 0.06794871794871794 0.044444444444444446
15 0.6423076923076924 0.044444444444444446 0.07564102564102564 0.04
15 0.941025641025641 0.38666666666666666 0.05128205128205128 0.02666666666666667
15 0.9179487179487179 0.7733333333333333 0.04358974358974359 0.03111111111111111
15 0.9115384615384615 0.3 0.046153846153846156 0.024444444444444446
15 0.5012820512820513 0.4688888888888889 0.08461538461538462 0.044444444444444446
15 0.7397435897435898 0.5277777777777778 0.046153846153846156 0.03333333333333333
15 0.6974358974358974 0.12222222222222222 0.07051282051282051 0.04111111111111111
