15 0.4122222222222222 0.34102564102564104 0.04777777777777778 0.08461538461538462
15 0.25333333333333335 0.38974358974358975 0.06 0.09102564102564102
15 0.33555555555555555 0.632051282051282 0.07555555555555556 0.10512820512820513
15 0.5877777777777777 0.6435897435897436 0.07555555555555556 0.09102564102564102
15 0.8522222222222222 0.6038461538461538 0.056666666666666664 0.09871794871794871
15 0.5722222222222222 0.4025641025641026 0.03111111111111111 0.07435897435897436
15 0.07777777777777778 0.5525641025641026 0.06222222222222222 0.1
15 0.9455555555555556 0.34615384615384615 0.03333333333333333 0.0641025641025641
15 0.23 0.28205128205128205 0.035555555555555556 0.05641025641025641
15 0.18666666666666668 0.3730769230769231 0.043333333333333335 0.06666666666666667
15 0.043333333333333335 0.3576923076923077 0.03888888888888889 0.07435897435897436
15 0.38555555555555554 0.05897435897435897 0.025555555555555557 0.05
15 0.7722222222222223 0.08205128205128205 0.03 0.04230769230769231
15 0.29888888888888887 0.08846153846153847 0.023333333333333334 0.04487179487179487
15 0.4677777777777778 0.4987179487179487 0.043333333333333335 0.08333333333333333
15 0.5266666666666666 0.2602564102564103 0.03222222222222222 0.04487179487179487
15 0.12222222222222222 0.30256410256410254 0.04 0.06923076923076923
