16 0.5684803001876173 0.5308823529411765 0.06378986866791744 0.06323529411764706
16 0.5028142589118199 0.6588235294117647 0.058161350844277676 0.04264705882352941
16 0.7954971857410882 0.9205882352941176 0.07879924953095685 0.0661764705882353
16 0.6848030018761726 0.7191176470588235 0.05628517823639775 0.051470588235294115
16 0.25140712945590993 0.5691176470588235 0.06191369606003752 0.05588235294117647
16 0.08442776735459662 0.6147058823529412 0.0525328330206379 0.05588235294117647
16 0.039399624765478425 0.3 0.0525328330206379 0.058823529411764705
16 0.5834896810506567 0.9102941176470588 0.06191369606003752 0.07352941176470588
16 0.7091932457786116 0.8794117647058823 0.04878048780487805 0.051470588235294115
16 0.49343339587242024 0.10882352941176471 0.04127579737335835 0.04852941176470588
16 0.5647279549718575 0.11176470588235295 0.0375234521575985 0.04852941176470588
15 0.2851782363977486 0.11176470588235295 0.06566604127579738 0.052941176470588235
16 0.024390243902439025 0.5338235294117647 0.04878048780487805 0.04852941176470588
15 0.17448405253283303 0.8088235294117647 0.058161350844277676 0.060294117647058824
