16 0.42964352720450283 0.5308823529411765 0.06191369606003752 0.061764705882352944
16 0.49530956848030017 0.6588235294117647 0.05628517823639775 0.041176470588235294
16 0.2026266416510319 0.9205882352941176 0.07692307692307693 0.06470588235294118
16 0.3133208255159475 0.7191176470588235 0.054409005628517824 0.05
16 0.7467166979362101 0.5676470588235294 0.0600375234521576 0.054411764705882354
16 0.9136960600375235 0.6132352941176471 0.05065666041275797 0.054411764705882354
16 0.9587242026266416 0.2985294117647059 0.05065666041275797 0.057352941176470586
16 0.4146341463414634 0.9088235294117647 0.0600375234521576 0.07205882352941176
16 0.28893058161350843 0.8794117647058823 0.04690431519699812 0.05
16 0.5046904315196998 0.10882352941176471 0.039399624765478425 0.047058823529411764
16 0.4333958724202627 0.11176470588235295 0.03564727954971857 0.047058823529411764
15 0.7129455909943715 0.11029411764705882 0.06378986866791744 0.051470588235294115
16 0.9737335834896811 0.5338235294117647 0.04690431519699812 0.047058823529411764
15 0.8236397748592871 0.8088235294117647 0.05628517823639775 0.058823529411764705
