16 0.8827309236947791 0.5452961672473867 0.03293172690763052 0.06968641114982578
16 0.5461847389558233 0.6149825783972126 0.02971887550200803 0.06445993031358885
16 0.6401606425702812 0.3519163763066202 0.030522088353413655 0.06794425087108014
16 0.3405622489959839 0.6829268292682927 0.028112449799196786 0.05226480836236934
16 0.2457831325301205 0.5505226480836237 0.03293172690763052 0.08885017421602788
16 0.21526104417670683 0.2804878048780488 0.03293172690763052 0.07491289198606271
16 0.10361445783132531 0.8519163763066202 0.02650602409638554 0.06620209059233449
16 0.39518072289156625 0.794425087108014 0.02650602409638554 0.06968641114982578
16 0.442570281124498 0.9529616724738676 0.020080321285140562 0.05749128919860627
16 0.5124497991967871 0.9128919860627178 0.02650602409638554 0.06620209059233449
16 0.7799196787148595 0.8292682926829268 0.03132530120481928 0.06620209059233449
16 0.7839357429718875 0.7421602787456446 0.030522088353413655 0.06794425087108014
16 0.19036144578313252 0.6411149825783972 0.01927710843373494 0.06445993031358885
15 0.7606425702811245 0.5609756097560976 0.03132530120481928 0.09233449477351917
