16 0.5470383275261324 0.11646586345381527 0.06968641114982578 0.03293172690763052
16 0.6167247386759582 0.4530120481927711 0.06445993031358885 0.02971887550200803
16 0.35365853658536583 0.3598393574297189 0.06794425087108014 0.030522088353413655
16 0.6846689895470384 0.6586345381526104 0.05226480836236934 0.028112449799196786
16 0.5522648083623694 0.7534136546184739 0.08885017421602788 0.03293172690763052
16 0.28222996515679444 0.7839357429718875 0.07491289198606271 0.03293172690763052
16 0.8536585365853658 0.8955823293172691 0.06620209059233449 0.02650602409638554
16 0.7961672473867596 0.6040160642570281 0.06968641114982578 0.02650602409638554
16 0.9547038327526133 0.5566265060240964 0.05749128919860627 0.020080321285140562
16 0.9146341463414634 0.4867469879518072 0.06620209059233449 0.02650602409638554
16 0.8310104529616724 0.21927710843373494 0.06620209059233449 0.03132530120481928
16 0.7439024390243902 0.21606425702811244 0.06794425087108014 0.030522088353413655
16 0.6428571428571429 0.8096385542168675 0.06445993031358885 0.01927710843373494
15 0.5627177700348432 0.2385542168674699 0.09233449477351917 0.03132530120481928
