16 0.31991215226939973 0.22916666666666666 0.034407027818448024 0.06901041666666667
16 0.2540263543191801 0.44140625 0.0424597364568082 0.08854166666666667
16 0.2042459736456808 0.5416666666666666 0.046120058565153735 0.09505208333333333
16 0.4253294289897511 0.4231770833333333 0.043923865300146414 0.08333333333333333
16 0.42972181551976574 0.3072916666666667 0.03367496339677892 0.078125
16 0.4882869692532943 0.24348958333333334 0.02635431918008785 0.07682291666666667
16 0.3609077598828697 0.15364583333333334 0.02855051244509517 0.06770833333333333
16 0.5900439238653001 0.2799479166666667 0.032210834553440704 0.061197916666666664
16 0.9743777452415813 0.20833333333333334 0.024890190336749635 0.06510416666666667
16 0.8865300146412884 0.6510416666666666 0.036603221083455345 0.07161458333333333
