16 0.3206442166910688 0.76953125 0.03513909224011713 0.0703125
16 0.2540263543191801 0.5572916666666666 0.04319180087847731 0.08984375
16 0.20497803806734993 0.45703125 0.04685212298682284 0.09635416666666667
16 0.4253294289897511 0.5755208333333334 0.04465592972181552 0.08463541666666667
16 0.42972181551976574 0.69140625 0.034407027818448024 0.07942708333333333
16 0.4882869692532943 0.7552083333333334 0.027086383601756955 0.078125
16 0.3616398243045388 0.8450520833333334 0.029282576866764276 0.06901041666666667
16 0.5900439238653001 0.71875 0.03294289897510981 0.0625
16 0.9743777452415813 0.7903645833333334 0.02562225475841874 0.06640625
16 0.8865300146412884 0.34765625 0.03733528550512445 0.07291666666666667
