15 0.034027777777777775 0.8173410404624277 0.04583333333333333 0.09942196531791908
15 0.13819444444444445 0.5317919075144508 0.04236111111111111 0.10173410404624278
15 0.28680555555555554 0.791907514450867 0.04375 0.09826589595375723
15 0.39861111111111114 0.5375722543352601 0.05 0.12254335260115606
15 0.4826388888888889 0.7479768786127168 0.05 0.09595375722543352
15 0.6951388888888889 0.9017341040462428 0.04375 0.09826589595375723
15 0.8826388888888889 0.8994219653179191 0.04722222222222222 0.11213872832369942
15 0.7138888888888889 0.7375722543352601 0.05347222222222222 0.10289017341040463
15 0.7527777777777778 0.5040462427745664 0.04861111111111111 0.10982658959537572
15 0.9104166666666667 0.638150289017341 0.06319444444444444 0.07745664739884393
