15 0.03333333333333333 0.1815028901734104 0.04513888888888889 0.09826589595375723
15 0.13819444444444445 0.46705202312138727 0.041666666666666664 0.10057803468208093
15 0.28680555555555554 0.2069364161849711 0.043055555555555555 0.09710982658959537
15 0.39791666666666664 0.461271676300578 0.049305555555555554 0.12138728323699421
15 0.48194444444444445 0.2508670520231214 0.049305555555555554 0.09479768786127167
15 0.6951388888888889 0.09710982658959537 0.043055555555555555 0.09710982658959537
15 0.8819444444444444 0.09942196531791908 0.04652777777777778 0.11098265895953757
15 0.7138888888888889 0.261271676300578 0.05277777777777778 0.10173410404624278
15 0.7520833333333333 0.49479768786127165 0.04791666666666667 0.10867052023121387
15 0.9104166666666667 0.3606936416184971 0.0625 0.07630057803468208
