15 0.137 0.544 0.12 0.19733333333333333
15 0.224 0.3466666666666667 0.116 0.14533333333333334
15 0.895 0.17466666666666666 0.21 0.328
15 0.381 0.216 0.157 0.14933333333333335
15 0.589 0.584 0.083 0.12533333333333332
15 0.085 0.824 0.101 0.132
15 0.294 0.904 0.081 0.10533333333333333
15 0.435 0.6333333333333333 0.082 0.12133333333333333
15 0.745 0.8733333333333333 0.05 0.07333333333333333
16 0.688 0.6826666666666666 0.059 0.09333333333333334
16 0.817 0.624 0.071 0.09333333333333334
16 0.936 0.6853333333333333 0.06 0.08933333333333333
15 0.854 0.8786666666666667 0.047 0.08
15 0.428 0.9426666666666667 0.059 0.09333333333333334
15 0.618 0.7293333333333333 0.046 0.07333333333333333
