15 0.5453333333333333 0.137 0.19733333333333333 0.12
15 0.348 0.224 0.14533333333333334 0.116
15 0.176 0.895 0.328 0.21
15 0.21733333333333332 0.381 0.14933333333333335 0.157
15 0.5853333333333334 0.589 0.12533333333333332 0.083
15 0.8253333333333334 0.085 0.132 0.101
15 0.9053333333333333 0.294 0.10533333333333333 0.081
15 0.6346666666666667 0.435 0.12133333333333333 0.082
15 0.8746666666666667 0.745 0.07333333333333333 0.05
16 0.684 0.688 0.09333333333333334 0.059
16 0.6253333333333333 0.817 0.09333333333333334 0.071
16 0.6866666666666666 0.936 0.08933333333333333 0.06
15 0.88 0.854 0.08 0.047
15 0.944 0.428 0.09333333333333334 0.059
15 0.7306666666666667 0.618 0.07333333333333333 0.046
