15 0.136 0.45466666666666666 0.119 0.196
15 0.223 0.652 0.115 0.144
15 0.895 0.824 0.21 0.32666666666666666
15 0.381 0.7826666666666666 0.156 0.148
15 0.589 0.4146666666666667 0.082 0.124
15 0.085 0.17466666666666666 0.1 0.13066666666666665
15 0.294 0.09466666666666666 0.08 0.104
15 0.434 0.36533333333333334 0.081 0.12
15 0.744 0.12533333333333332 0.049 0.072
16 0.688 0.316 0.058 0.092
16 0.817 0.37466666666666665 0.07 0.092
16 0.935 0.31333333333333335 0.059 0.088
15 0.854 0.12 0.046 0.07866666666666666
15 0.428 0.056 0.058 0.092
15 0.617 0.2693333333333333 0.045 0.072
