16 0.3137254901960784 0.32679738562091504 0.15931372549019607 0.10294117647058823
16 0.41911764705882354 0.5326797385620915 0.12745098039215685 0.06862745098039216
16 0.6176470588235294 0.10457516339869281 0.16666666666666666 0.10620915032679738
16 0.6985294117647058 0.22549019607843138 0.11764705882352941 0.07026143790849673
16 0.5073529411764706 0.31209150326797386 0.12254901960784313 0.06699346405228758
16 0.5220588235294118 0.41830065359477125 0.11029411764705882 0.06862745098039216
16 0.5588235294117647 0.5588235294117647 0.1053921568627451 0.06372549019607843
16 0.4730392156862745 0.673202614379085 0.10049019607843138 0.05718954248366013
16 0.30392156862745096 0.7581699346405228 0.10294117647058823 0.06209150326797386
16 0.4411764705882353 0.8611111111111112 0.11764705882352941 0.08169934640522876
16 0.6519607843137255 0.8398692810457516 0.12254901960784313 0.06699346405228758
16 0.6348039215686274 0.6650326797385621 0.07352941176470588 0.05065359477124183
16 0.7058823529411765 0.369281045751634 0.1323529411764706 0.06209150326797386
16 0.7401960784313726 0.5310457516339869 0.13725490196078433 0.06699346405228758
16 0.7916666666666666 0.7336601307189542 0.12009803921568628 0.06699346405228758
16 0.8872549019607843 0.6143790849673203 0.14460784313725492 0.06372549019607843
16 0.8529411764705882 0.44281045751633985 0.1053921568627451 0.06372549019607843
16 0.8921568627450981 0.31209150326797386 0.12254901960784313 0.06862745098039216
