16 0.6715686274509803 0.6862745098039216 0.10294117647058823 0.15931372549019607
16 0.4673202614379085 0.5833333333333334 0.06862745098039216 0.12745098039215685
16 0.8937908496732027 0.38480392156862747 0.10620915032679738 0.16666666666666666
16 0.7728758169934641 0.30392156862745096 0.07026143790849673 0.11764705882352941
16 0.6862745098039216 0.4950980392156863 0.06699346405228758 0.12254901960784313
16 0.5816993464052288 0.47794117647058826 0.06862745098039216 0.11029411764705882
16 0.4395424836601307 0.4411764705882353 0.06372549019607843 0.1053921568627451
16 0.32516339869281047 0.5269607843137255 0.05718954248366013 0.10049019607843138
16 0.24183006535947713 0.6985294117647058 0.06209150326797386 0.10294117647058823
16 0.1388888888888889 0.5612745098039216 0.08169934640522876 0.11764705882352941
16 0.15849673202614378 0.35049019607843135 0.06699346405228758 0.12254901960784313
16 0.3333333333333333 0.36764705882352944 0.05065359477124183 0.07352941176470588
16 0.630718954248366 0.2965686274509804 0.06209150326797386 0.1323529411764706
16 0.4673202614379085 0.2622549019607843 0.06699346405228758 0.13725490196078433
16 0.2647058823529412 0.20833333333333334 0.06699346405228758 0.12009803921568628
16 0.3839869281045752 0.11274509803921569 0.06372549019607843 0.14460784313725492
16 0.5555555555555556 0.14705882352941177 0.06372549019607843 0.1053921568627451
16 0.6879084967320261 0.11029411764705882 0.06862745098039216 0.12254901960784313
