16 0.9264705882352942 0.5651260504201681 0.07679738562091504 0.10084033613445378
16 0.7826797385620915 0.6743697478991597 0.06209150326797386 0.08823529411764706
16 0.6241830065359477 0.615546218487395 0.06372549019607843 0.0861344537815126
16 0.4526143790849673 0.5714285714285714 0.06372549019607843 0.10294117647058823
16 0.2761437908496732 0.592436974789916 0.06372549019607843 0.1092436974789916
16 0.09803921568627451 0.4327731092436975 0.06535947712418301 0.10294117647058823
16 0.27941176470588236 0.3907563025210084 0.07026143790849673 0.09873949579831932
16 0.5915032679738562 0.40756302521008403 0.06372549019607843 0.09873949579831932
16 0.7271241830065359 0.32983193277310924 0.058823529411764705 0.08823529411764706
16 0.7418300653594772 0.49369747899159666 0.06045751633986928 0.0861344537815126
16 0.5702614379084967 0.1953781512605042 0.05228758169934641 0.07773109243697479
16 0.43790849673202614 0.24789915966386555 0.06045751633986928 0.1092436974789916
16 0.7467320261437909 0.12394957983193278 0.06372549019607843 0.09663865546218488
16 0.2957516339869281 0.12394957983193278 0.06372549019607843 0.10084033613445378
