16 0.4369747899159664 0.0718954248366013 0.10084033613445378 0.07679738562091504
16 0.3277310924369748 0.2173202614379085 0.08823529411764706 0.06209150326797386
16 0.38445378151260506 0.3741830065359477 0.0861344537815126 0.06372549019607843
16 0.42857142857142855 0.545751633986928 0.10294117647058823 0.06372549019607843
16 0.4096638655462185 0.7222222222222222 0.1092436974789916 0.06372549019607843
16 0.5672268907563025 0.9019607843137255 0.10294117647058823 0.06535947712418301
16 0.6092436974789915 0.7189542483660131 0.09873949579831932 0.07026143790849673
16 0.592436974789916 0.4068627450980392 0.09873949579831932 0.06372549019607843
16 0.6722689075630253 0.272875816993464 0.08823529411764706 0.058823529411764705
16 0.5063025210084033 0.2565359477124183 0.0861344537815126 0.06045751633986928
16 0.8046218487394958 0.4297385620915033 0.07773109243697479 0.05228758169934641
16 0.7542016806722689 0.5604575163398693 0.1092436974789916 0.06045751633986928
16 0.8781512605042017 0.25163398692810457 0.09663865546218488 0.06372549019607843
16 0.8781512605042017 0.7026143790849673 0.10084033613445378 0.06372549019607843
