16 0.0718954248366013 0.5630252100840336 0.07516339869281045 0.09873949579831932
16 0.21568627450980393 0.6722689075630253 0.06045751633986928 0.0861344537815126
16 0.3741830065359477 0.615546218487395 0.06209150326797386 0.08403361344537816
16 0.545751633986928 0.5714285714285714 0.06209150326797386 0.10084033613445378
16 0.7222222222222222 0.5903361344537815 0.06209150326797386 0.10714285714285714
16 0.9003267973856209 0.4327731092436975 0.06372549019607843 0.10084033613445378
16 0.7189542483660131 0.3907563025210084 0.06862745098039216 0.09663865546218488
16 0.4068627450980392 0.40756302521008403 0.06209150326797386 0.09663865546218488
16 0.27124183006535946 0.3277310924369748 0.05718954248366013 0.0861344537815126
16 0.2565359477124183 0.49369747899159666 0.058823529411764705 0.08403361344537816
16 0.42810457516339867 0.1953781512605042 0.05065359477124183 0.07563025210084033
16 0.5604575163398693 0.24579831932773108 0.058823529411764705 0.10714285714285714
16 0.25163398692810457 0.12184873949579832 0.06209150326797386 0.09453781512605042
16 0.7026143790849673 0.12184873949579832 0.06209150326797386 0.09873949579831932
