16 0.10457516339869281 0.5168776371308017 0.07352941176470588 0.10337552742616034
16 0.2434640522875817 0.6645569620253164 0.05228758169934641 0.09071729957805907
16 0.4444444444444444 0.5907172995780591 0.05392156862745098 0.08227848101265822
16 0.5866013071895425 0.620253164556962 0.05555555555555555 0.0949367088607595
16 0.7320261437908496 0.6075949367088608 0.058823529411764705 0.10970464135021098
16 0.28431372549019607 0.43670886075949367 0.042483660130718956 0.08649789029535865
16 0.4477124183006536 0.42616033755274263 0.058823529411764705 0.10126582278481013
16 0.7287581699346405 0.4345991561181435 0.06045751633986928 0.0949367088607595
16 0.9248366013071896 0.4641350210970464 0.0784313725490196 0.09071729957805907
16 0.3431372549019608 0.3459915611814346 0.06209150326797386 0.06751054852320675
16 0.3137254901960784 0.14978902953586498 0.049019607843137254 0.08227848101265822
16 0.545751633986928 0.2552742616033755 0.05555555555555555 0.08016877637130802
16 0.7581699346405228 0.12869198312236288 0.05718954248366013 0.1160337552742616
