16 0.4831223628691983 0.10620915032679738 0.10548523206751055 0.07516339869281045
16 0.33544303797468356 0.2434640522875817 0.09282700421940929 0.05392156862745098
16 0.4092827004219409 0.44607843137254904 0.08438818565400844 0.05555555555555555
16 0.379746835443038 0.5866013071895425 0.0970464135021097 0.05718954248366013
16 0.3924050632911392 0.7320261437908496 0.11181434599156118 0.06045751633986928
16 0.5632911392405063 0.28431372549019607 0.08860759493670886 0.04411764705882353
16 0.5738396624472574 0.4477124183006536 0.10337552742616034 0.06045751633986928
16 0.5654008438818565 0.7303921568627451 0.0970464135021097 0.06209150326797386
16 0.5358649789029536 0.9248366013071896 0.09282700421940929 0.08006535947712418
16 0.6540084388185654 0.3431372549019608 0.06962025316455696 0.06372549019607843
16 0.8502109704641351 0.3137254901960784 0.08438818565400844 0.05065359477124183
16 0.7447257383966245 0.545751633986928 0.08227848101265822 0.05718954248366013
16 0.8713080168776371 0.7598039215686274 0.11814345991561181 0.058823529411764705
