16 0.10620915032679738 0.4810126582278481 0.07516339869281045 0.10548523206751055
16 0.2434640522875817 0.3333333333333333 0.05392156862745098 0.09282700421940929
16 0.44607843137254904 0.40717299578059074 0.05555555555555555 0.08438818565400844
16 0.5866013071895425 0.37763713080168776 0.05718954248366013 0.0970464135021097
16 0.7320261437908496 0.39029535864978904 0.06045751633986928 0.11181434599156118
16 0.28431372549019607 0.5611814345991561 0.04411764705882353 0.08860759493670886
16 0.4477124183006536 0.5717299578059072 0.06045751633986928 0.10337552742616034
16 0.7303921568627451 0.5632911392405063 0.06209150326797386 0.0970464135021097
16 0.9248366013071896 0.5337552742616034 0.08006535947712418 0.09282700421940929
16 0.3431372549019608 0.6518987341772152 0.06372549019607843 0.06962025316455696
16 0.3137254901960784 0.8481012658227848 0.05065359477124183 0.08438818565400844
16 0.545751633986928 0.7426160337552743 0.05718954248366013 0.08227848101265822
16 0.7598039215686274 0.869198312236287 0.058823529411764705 0.11814345991561181
