15 0.9297385620915033 0.3700980392156863 0.06045751633986928 0.09558823529411764
15 0.8578431372549019 0.1715686274509804 0.03758169934640523 0.056372549019607844
15 0.7156862745098039 0.25245098039215685 0.049019607843137254 0.07598039215686274
15 0.6339869281045751 0.11764705882352941 0.032679738562091505 0.056372549019607844
15 0.5490196078431373 0.18382352941176472 0.03594771241830065 0.06862745098039216
15 0.47549019607843135 0.47794117647058826 0.06045751633986928 0.1323529411764706
15 0.3464052287581699 0.27450980392156865 0.0457516339869281 0.0784313725490196
15 0.39052287581699346 0.14215686274509803 0.03594771241830065 0.061274509803921566
15 0.20588235294117646 0.16911764705882354 0.0392156862745098 0.07107843137254902
15 0.10620915032679738 0.34558823529411764 0.06045751633986928 0.11764705882352941
