15 0.6299019607843137 0.06862745098039216 0.09558823529411764 0.06045751633986928
15 0.8284313725490197 0.14052287581699346 0.056372549019607844 0.03758169934640523
15 0.7475490196078431 0.28431372549019607 0.07598039215686274 0.049019607843137254
15 0.8823529411764706 0.3660130718954248 0.056372549019607844 0.032679738562091505
15 0.8186274509803921 0.45098039215686275 0.06862745098039216 0.03594771241830065
15 0.5245098039215687 0.5228758169934641 0.1323529411764706 0.06045751633986928
15 0.7279411764705882 0.6535947712418301 0.0784313725490196 0.0457516339869281
15 0.8578431372549019 0.6094771241830066 0.061274509803921566 0.03594771241830065
15 0.8308823529411765 0.7941176470588235 0.07107843137254902 0.0392156862745098
15 0.6568627450980392 0.8921568627450981 0.11764705882352941 0.06045751633986928
