15 0.6969325153374233 0.23333333333333334 0.07239263803680981 0.12333333333333334
15 0.9496932515337423 0.175 0.0834355828220859 0.13833333333333334
15 0.8822085889570552 0.31 0.06012269938650307 0.09333333333333334
15 0.22085889570552147 0.2916666666666667 0.051533742331288344 0.10166666666666667
15 0.6159509202453988 0.47333333333333333 0.05521472392638037 0.08333333333333333
15 0.8625766871165644 0.46 0.05521472392638037 0.09833333333333333
15 0.5644171779141104 0.5083333333333333 0.04539877300613497 0.08333333333333333
15 0.5165644171779141 0.605 0.049079754601226995 0.08833333333333333
15 0.4208588957055215 0.595 0.049079754601226995 0.08666666666666667
15 0.6269938650306749 0.7433333333333333 0.05030674846625767 0.07166666666666667
15 0.7754601226993865 0.6683333333333333 0.049079754601226995 0.08333333333333333
15 0.8466257668711656 0.805 0.0392638036809816 0.07333333333333333
15 0.9202453987730062 0.7166666666666667 0.0392638036809816 0.07166666666666667
