15 0.6969325153374233 0.765 0.07116564417177915 0.12166666666666667
15 0.9484662576687116 0.8233333333333334 0.08220858895705521 0.13666666666666666
15 0.8822085889570552 0.6883333333333334 0.05889570552147239 0.09166666666666666
15 0.2196319018404908 0.7066666666666667 0.05030674846625767 0.1
15 0.6159509202453988 0.525 0.053987730061349694 0.08166666666666667
15 0.8625766871165644 0.5383333333333333 0.053987730061349694 0.09666666666666666
15 0.5644171779141104 0.49 0.044171779141104296 0.08166666666666667
15 0.5153374233128835 0.3933333333333333 0.04785276073619632 0.08666666666666667
15 0.4196319018404908 0.4033333333333333 0.04785276073619632 0.085
15 0.6269938650306749 0.255 0.049079754601226995 0.07
15 0.7742331288343558 0.33 0.04785276073619632 0.08166666666666667
15 0.845398773006135 0.19333333333333333 0.03803680981595092 0.07166666666666667
15 0.9190184049079755 0.2816666666666667 0.03803680981595092 0.07
