15 0.235 0.6969325153374233 0.12333333333333334 0.07239263803680981
15 0.17666666666666667 0.9496932515337423 0.13833333333333334 0.0834355828220859
15 0.31166666666666665 0.8822085889570552 0.09333333333333334 0.06012269938650307
15 0.29333333333333333 0.22085889570552147 0.10166666666666667 0.051533742331288344
15 0.475 0.6159509202453988 0.08333333333333333 0.05521472392638037
15 0.46166666666666667 0.8625766871165644 0.09833333333333333 0.05521472392638037
15 0.51 0.5644171779141104 0.08333333333333333 0.04539877300613497
15 0.6066666666666667 0.5165644171779141 0.08833333333333333 0.049079754601226995
15 0.5966666666666667 0.4208588957055215 0.08666666666666667 0.049079754601226995
15 0.745 0.6269938650306749 0.07166666666666667 0.05030674846625767
15 0.67 0.7754601226993865 0.08333333333333333 0.049079754601226995
15 0.8066666666666666 0.8466257668711656 0.07333333333333333 0.0392638036809816
15 0.7183333333333334 0.9202453987730062 0.07166666666666667 0.0392638036809816
