16 0.8186274509803921 0.7599164926931107 0.08333333333333333 0.12943632567849686
16 0.8839869281045751 0.46346555323590816 0.07679738562091504 0.10855949895615867
16 0.4542483660130719 0.5824634655532359 0.10130718954248366 0.162839248434238
16 0.6160130718954249 0.44676409185803756 0.06862745098039216 0.11691022964509394
16 0.12254901960784313 0.7118997912317327 0.0915032679738562 0.16910229645093947
16 0.9297385620915033 0.31106471816283926 0.05228758169934641 0.08977035490605428
16 0.5931372549019608 0.2588726513569937 0.04738562091503268 0.10438413361169102
16 0.3545751633986928 0.24425887265135698 0.06372549019607843 0.1022964509394572
16 0.4068627450980392 0.2546972860125261 0.05065359477124183 0.08768267223382047
16 0.41013071895424835 0.46346555323590816 0.0718954248366013 0.10855949895615867
16 0.0915032679738562 0.35073068893528186 0.07679738562091504 0.1315240083507307
16 0.761437908496732 0.22755741127348644 0.049019607843137254 0.08350730688935282
16 0.9428104575163399 0.1941544885177453 0.05718954248366013 0.08350730688935282
16 0.5 0.20041753653444677 0.03594771241830065 0.06263048016701461
16 0.6519607843137255 0.21294363256784968 0.03758169934640523 0.0709812108559499
16 0.7091503267973857 0.16701461377870563 0.03594771241830065 0.05636743215031315
16 0.9003267973856209 0.15031315240083507 0.03758169934640523 0.07724425887265135
16 0.7908496732026143 0.17536534446764093 0.042483660130718956 0.06889352818371608
