16 0.07516339869281045 0.6187363834422658 0.1503267973856209 0.19389978213507625
16 0.315359477124183 0.7472766884531591 0.21241830065359477 0.22657952069716775
16 0.7222222222222222 0.7930283224400871 0.16666666666666666 0.28104575163398693
16 0.9248366013071896 0.6514161220043573 0.13725490196078433 0.24618736383442266
16 0.684640522875817 0.5599128540305011 0.09967320261437909 0.20261437908496732
16 0.3333333333333333 0.3202614379084967 0.15359477124183007 0.28104575163398693
16 0.20588235294117646 0.37037037037037035 0.13071895424836602 0.16339869281045752
16 0.47058823529411764 0.20697167755991286 0.10784313725490197 0.22657952069716775
16 0.6029411764705882 0.1394335511982571 0.10947712418300654 0.2178649237472767
16 0.7009803921568627 0.2875816993464052 0.13071895424836602 0.20043572984749455
16 0.8774509803921569 0.19607843137254902 0.14705882352941177 0.19389978213507625
