16 0.923202614379085 0.6209150326797386 0.15196078431372548 0.19607843137254902
16 0.6830065359477124 0.7472766884531591 0.21405228758169934 0.22875816993464052
16 0.2761437908496732 0.7952069716775599 0.16830065359477125 0.28322440087145967
16 0.07352941176470588 0.6535947712418301 0.1388888888888889 0.24836601307189543
16 0.3137254901960784 0.5620915032679739 0.10130718954248366 0.2047930283224401
16 0.6650326797385621 0.3224400871459695 0.15522875816993464 0.28322440087145967
16 0.7924836601307189 0.37254901960784315 0.1323529411764706 0.1655773420479303
16 0.5277777777777778 0.20697167755991286 0.10947712418300654 0.22875816993464052
16 0.3954248366013072 0.1394335511982571 0.1111111111111111 0.22004357298474944
16 0.2973856209150327 0.2875816993464052 0.1323529411764706 0.20261437908496732
16 0.12091503267973856 0.19825708061002179 0.14869281045751634 0.19607843137254902
