16 0.17647058823529413 0.6617647058823529 0.08986928104575163 0.13480392156862744
16 0.5 0.7475490196078431 0.0718954248366013 0.14950980392156862
16 0.08986928104575163 0.40441176470588236 0.06535947712418301 0.13725490196078433
16 0.2679738562091503 0.40931372549019607 0.06209150326797386 0.11274509803921569
16 0.5 0.4362745098039216 0.058823529411764705 0.11519607843137254
16 0.6977124183006536 0.4485294117647059 0.058823529411764705 0.09313725490196079
16 0.9003267973856209 0.47549019607843135 0.058823529411764705 0.11274509803921569
16 0.1388888888888889 0.26715686274509803 0.05718954248366013 0.08088235294117647
16 0.31699346405228757 0.25245098039215685 0.04411764705882353 0.10784313725490197
16 0.5 0.27941176470588236 0.05065359477124183 0.09558823529411764
16 0.6503267973856209 0.3480392156862745 0.0457516339869281 0.07352941176470588
16 0.8382352941176471 0.3014705882352941 0.042483660130718956 0.08333333333333333
16 0.954248366013072 0.33578431372549017 0.049019607843137254 0.08088235294117647
16 0.049019607843137254 0.16176470588235295 0.049019607843137254 0.07598039215686274
16 0.20751633986928106 0.16666666666666666 0.03594771241830065 0.07598039215686274
16 0.37745098039215685 0.19852941176470587 0.0392156862745098 0.0784313725490196
16 0.4673202614379085 0.19607843137254902 0.05228758169934641 0.07352941176470588
16 0.6176470588235294 0.17647058823529413 0.03594771241830065 0.0661764705882353
16 0.7483660130718954 0.18627450980392157 0.03594771241830065 0.06372549019607843
16 0.8137254901960784 0.15196078431372548 0.03594771241830065 0.0661764705882353
16 0.7549019607843137 0.09068627450980392 0.03104575163398693 0.058823529411764705
16 0.9248366013071896 0.18627450980392157 0.03104575163398693 0.05392156862745098
16 0.44607843137254904 0.11764705882352941 0.03431372549019608 0.058823529411764705
16 0.24509803921568626 0.11519607843137254 0.032679738562091505 0.06862745098039216
16 0.11437908496732026 0.09803921568627451 0.03594771241830065 0.06372549019607843
16 0.05718954248366013 0.031862745098039214 0.0392156862745098 0.061274509803921566
16 0.28594771241830064 0.058823529411764705 0.03104575163398693 0.0661764705882353
16 0.5424836601307189 0.0784313725490196 0.032679738562091505 0.061274509803921566
16 0.6601307189542484 0.0857843137254902 0.027777777777777776 0.061274509803921566
16 0.7205882352941176 0.04411764705882353 0.027777777777777776 0.056372549019607844
16 0.815359477124183 0.051470588235294115 0.029411764705882353 0.061274509803921566
16 0.9199346405228758 0.061274509803921566 0.02287581699346405 0.05392156862745098
16 0.9379084967320261 0.12254901960784313 0.03104575163398693 0.04656862745098039
16 0.3790849673202614 0.03676470588235294 0.026143790849673203 0.04411764705882353
