16 0.3382352941176471 0.1781045751633987 0.13725490196078433 0.0915032679738562
16 0.25245098039215685 0.5 0.15196078431372548 0.07352941176470588
16 0.5955882352941176 0.08986928104575163 0.13970588235294118 0.06699346405228758
16 0.5906862745098039 0.2679738562091503 0.11519607843137254 0.06372549019607843
16 0.5637254901960784 0.5 0.11764705882352941 0.06045751633986928
16 0.5514705882352942 0.6977124183006536 0.09558823529411764 0.06045751633986928
16 0.5245098039215687 0.9003267973856209 0.11519607843137254 0.06045751633986928
16 0.7328431372549019 0.14052287581699346 0.08333333333333333 0.058823529411764705
16 0.7475490196078431 0.31862745098039214 0.11029411764705882 0.0457516339869281
16 0.7205882352941176 0.5016339869281046 0.09803921568627451 0.05228758169934641
16 0.6519607843137255 0.6503267973856209 0.07598039215686274 0.04738562091503268
16 0.6985294117647058 0.8382352941176471 0.0857843137254902 0.04411764705882353
16 0.6642156862745098 0.954248366013072 0.08333333333333333 0.05065359477124183
16 0.8382352941176471 0.049019607843137254 0.0784313725490196 0.05065359477124183
16 0.8333333333333334 0.20751633986928106 0.0784313725490196 0.03758169934640523
16 0.8014705882352942 0.37745098039215685 0.08088235294117647 0.04084967320261438
16 0.803921568627451 0.4673202614379085 0.07598039215686274 0.05392156862745098
16 0.8235294117647058 0.6176470588235294 0.06862745098039216 0.03758169934640523
16 0.8137254901960784 0.7483660130718954 0.0661764705882353 0.03758169934640523
16 0.8480392156862745 0.8137254901960784 0.06862745098039216 0.03758169934640523
16 0.9093137254901961 0.7565359477124183 0.061274509803921566 0.032679738562091505
16 0.8137254901960784 0.9264705882352942 0.056372549019607844 0.032679738562091505
16 0.8823529411764706 0.4477124183006536 0.061274509803921566 0.03594771241830065
16 0.8848039215686274 0.24509803921568626 0.07107843137254902 0.03431372549019608
16 0.9019607843137255 0.11437908496732026 0.0661764705882353 0.03758169934640523
16 0.9681372549019608 0.05718954248366013 0.06372549019607843 0.04084967320261438
16 0.9411764705882353 0.2875816993464052 0.06862745098039216 0.032679738562091505
16 0.9215686274509803 0.5424836601307189 0.06372549019607843 0.03431372549019608
16 0.9142156862745098 0.6617647058823529 0.06372549019607843 0.029411764705882353
16 0.9558823529411765 0.7222222222222222 0.058823529411764705 0.029411764705882353
16 0.9485294117647058 0.815359477124183 0.06372549019607843 0.03104575163398693
16 0.9387254901960784 0.9199346405228758 0.056372549019607844 0.024509803921568627
16 0.8774509803921569 0.9395424836601307 0.049019607843137254 0.032679738562091505
16 0.9632352941176471 0.3790849673202614 0.04656862745098039 0.027777777777777776
