16 0.1781045751633987 0.33578431372549017 0.0915032679738562 0.13725490196078433
16 0.5 0.25 0.07352941176470588 0.15196078431372548
16 0.08986928104575163 0.5931372549019608 0.06699346405228758 0.13970588235294118
16 0.2679738562091503 0.5882352941176471 0.06372549019607843 0.11519607843137254
16 0.5 0.5612745098039216 0.06045751633986928 0.11764705882352941
16 0.6977124183006536 0.5490196078431373 0.06045751633986928 0.09558823529411764
16 0.9003267973856209 0.5220588235294118 0.06045751633986928 0.11519607843137254
16 0.14052287581699346 0.7303921568627451 0.058823529411764705 0.08333333333333333
16 0.31862745098039214 0.7450980392156863 0.0457516339869281 0.11029411764705882
16 0.5016339869281046 0.7181372549019608 0.05228758169934641 0.09803921568627451
16 0.6503267973856209 0.6495098039215687 0.04738562091503268 0.07598039215686274
16 0.8382352941176471 0.696078431372549 0.04411764705882353 0.0857843137254902
16 0.954248366013072 0.6617647058823529 0.05065359477124183 0.08333333333333333
16 0.049019607843137254 0.8357843137254902 0.05065359477124183 0.0784313725490196
16 0.20751633986928106 0.8308823529411765 0.03758169934640523 0.0784313725490196
16 0.37745098039215685 0.7990196078431373 0.04084967320261438 0.08088235294117647
16 0.4673202614379085 0.8014705882352942 0.05392156862745098 0.07598039215686274
16 0.6176470588235294 0.821078431372549 0.03758169934640523 0.06862745098039216
16 0.7483660130718954 0.8112745098039216 0.03758169934640523 0.0661764705882353
16 0.8137254901960784 0.8455882352941176 0.03758169934640523 0.06862745098039216
16 0.7565359477124183 0.9068627450980392 0.032679738562091505 0.061274509803921566
16 0.9264705882352942 0.8112745098039216 0.032679738562091505 0.056372549019607844
16 0.4477124183006536 0.8799019607843137 0.03594771241830065 0.061274509803921566
16 0.24509803921568626 0.8823529411764706 0.03431372549019608 0.07107843137254902
16 0.11437908496732026 0.8995098039215687 0.03758169934640523 0.0661764705882353
16 0.05718954248366013 0.9656862745098039 0.04084967320261438 0.06372549019607843
16 0.2875816993464052 0.9387254901960784 0.032679738562091505 0.06862745098039216
16 0.5424836601307189 0.9191176470588235 0.03431372549019608 0.06372549019607843
16 0.6617647058823529 0.9117647058823529 0.029411764705882353 0.06372549019607843
16 0.7222222222222222 0.9534313725490197 0.029411764705882353 0.058823529411764705
16 0.815359477124183 0.946078431372549 0.03104575163398693 0.06372549019607843
16 0.9199346405228758 0.9362745098039216 0.024509803921568627 0.056372549019607844
16 0.9395424836601307 0.875 0.032679738562091505 0.049019607843137254
16 0.3790849673202614 0.9607843137254902 0.027777777777777776 0.04656862745098039
