16 0.5416666666666666 0.1781045751633987 0.1568627450980392 0.07352941176470588
16 0.6200980392156863 0.08660130718954248 0.14460784313725492 0.06699346405228758
16 0.5514705882352942 0.33986928104575165 0.12990196078431374 0.058823529411764705
16 0.553921568627451 0.511437908496732 0.14215686274509803 0.0718954248366013
16 0.5955882352941176 0.6535947712418301 0.13970588235294118 0.0718954248366013
16 0.4803921568627451 0.7941176470588235 0.11519607843137254 0.07516339869281045
16 0.6274509803921569 0.8594771241830066 0.11519607843137254 0.07516339869281045
16 0.6985294117647058 0.7303921568627451 0.13480392156862744 0.05718954248366013
16 0.7083333333333334 0.5669934640522876 0.12254901960784313 0.06372549019607843
16 0.6936274509803921 0.4117647058823529 0.10784313725490197 0.06862745098039216
16 0.6593137254901961 0.22712418300653595 0.11764705882352941 0.06699346405228758
16 0.7696078431372549 0.1111111111111111 0.11519607843137254 0.06372549019607843
16 0.8529411764705882 0.1830065359477124 0.09313725490196079 0.05718954248366013
16 0.7524509803921569 0.26633986928104575 0.1053921568627451 0.05392156862745098
16 0.8357843137254902 0.32516339869281047 0.1053921568627451 0.05065359477124183
16 0.8284313725490197 0.5343137254901961 0.11029411764705882 0.04738562091503268
16 0.7818627450980392 0.6421568627450981 0.12745098039215685 0.05555555555555555
16 0.7524509803921569 0.8055555555555556 0.08823529411764706 0.049019607843137254
