16 0.1781045751633987 0.4583333333333333 0.0718954248366013 0.15441176470588236
16 0.08660130718954248 0.3799019607843137 0.06535947712418301 0.14215686274509803
16 0.3382352941176471 0.4485294117647059 0.05718954248366013 0.12745098039215685
16 0.5098039215686274 0.44607843137254904 0.07026143790849673 0.13970588235294118
16 0.6519607843137255 0.40441176470588236 0.07026143790849673 0.13725490196078433
16 0.7924836601307189 0.5196078431372549 0.07352941176470588 0.11274509803921569
16 0.8578431372549019 0.37254901960784315 0.07352941176470588 0.11274509803921569
16 0.7303921568627451 0.3014705882352941 0.05555555555555555 0.1323529411764706
16 0.5669934640522876 0.2916666666666667 0.06209150326797386 0.12009803921568628
16 0.41013071895424835 0.30637254901960786 0.06699346405228758 0.1053921568627451
16 0.22712418300653595 0.34068627450980393 0.06535947712418301 0.11519607843137254
16 0.1111111111111111 0.23039215686274508 0.06209150326797386 0.11274509803921569
16 0.1830065359477124 0.14705882352941177 0.05555555555555555 0.09068627450980392
16 0.26633986928104575 0.24754901960784315 0.05228758169934641 0.10294117647058823
16 0.32516339869281047 0.1642156862745098 0.049019607843137254 0.10294117647058823
16 0.5343137254901961 0.1715686274509804 0.0457516339869281 0.10784313725490197
16 0.6405228758169934 0.2181372549019608 0.05392156862745098 0.125
16 0.803921568627451 0.24754901960784315 0.04738562091503268 0.0857843137254902
