16 0.14869281045751634 0.672 0.08169934640522876 0.22
16 0.2761437908496732 0.892 0.1111111111111111 0.212
16 0.5686274509803921 0.888 0.10947712418300654 0.224
16 0.946078431372549 0.852 0.09477124183006536 0.284
16 0.0915032679738562 0.176 0.06535947712418301 0.212
16 0.32679738562091504 0.184 0.05718954248366013 0.184
16 0.5686274509803921 0.196 0.07679738562091504 0.236
16 0.6552287581699346 0.164 0.05065359477124183 0.16
16 0.511437908496732 0.488 0.08169934640522876 0.256
16 0.6715686274509803 0.536 0.08823529411764706 0.236
16 0.8349673202614379 0.348 0.06209150326797386 0.188
16 0.934640522875817 0.548 0.08823529411764706 0.184
16 0.8137254901960784 0.128 0.06535947712418301 0.164
16 0.44607843137254904 0.076 0.05555555555555555 0.148
