16 0.328 0.14869281045751634 0.224 0.08333333333333333
16 0.108 0.2761437908496732 0.212 0.11274509803921569
16 0.116 0.5702614379084967 0.224 0.1111111111111111
16 0.148 0.946078431372549 0.288 0.09640522875816994
16 0.824 0.0915032679738562 0.216 0.06699346405228758
16 0.816 0.3284313725490196 0.188 0.058823529411764705
16 0.804 0.5702614379084967 0.24 0.0784313725490196
16 0.836 0.6568627450980392 0.164 0.05228758169934641
16 0.512 0.511437908496732 0.26 0.08333333333333333
16 0.464 0.6715686274509803 0.24 0.08986928104575163
16 0.652 0.8349673202614379 0.192 0.06372549019607843
16 0.452 0.934640522875817 0.188 0.08986928104575163
16 0.872 0.8137254901960784 0.168 0.06699346405228758
16 0.924 0.44607843137254904 0.152 0.05718954248366013
