16 0.8496732026143791 0.324 0.08333333333333333 0.224
16 0.7222222222222222 0.104 0.11274509803921569 0.212
16 0.4297385620915033 0.112 0.1111111111111111 0.224
16 0.05228758169934641 0.144 0.09640522875816994 0.288
16 0.9068627450980392 0.82 0.06699346405228758 0.216
16 0.6715686274509803 0.812 0.058823529411764705 0.188
16 0.4297385620915033 0.8 0.0784313725490196 0.24
16 0.3431372549019608 0.832 0.05228758169934641 0.164
16 0.4869281045751634 0.508 0.08333333333333333 0.26
16 0.32679738562091504 0.46 0.08986928104575163 0.24
16 0.16339869281045752 0.648 0.06372549019607843 0.192
16 0.06372549019607843 0.448 0.08986928104575163 0.188
16 0.184640522875817 0.868 0.06699346405228758 0.168
16 0.5522875816993464 0.92 0.05718954248366013 0.152
