16 0.14869281045751634 0.324 0.08333333333333333 0.224
16 0.2761437908496732 0.104 0.11274509803921569 0.212
16 0.5702614379084967 0.112 0.1111111111111111 0.224
16 0.946078431372549 0.144 0.09640522875816994 0.288
16 0.0915032679738562 0.82 0.06699346405228758 0.216
16 0.3284313725490196 0.812 0.058823529411764705 0.188
16 0.5702614379084967 0.8 0.0784313725490196 0.24
16 0.6568627450980392 0.832 0.05228758169934641 0.164
16 0.511437908496732 0.508 0.08333333333333333 0.26
16 0.6715686274509803 0.46 0.08986928104575163 0.24
16 0.8349673202614379 0.648 0.06372549019607843 0.192
16 0.934640522875817 0.448 0.08986928104575163 0.188
16 0.8137254901960784 0.868 0.06699346405228758 0.168
16 0.44607843137254904 0.92 0.05718954248366013 0.152
