16 0.6111111111111112 0.4019607843137255 0.08333333333333333 0.17647058823529413
16 0.3431372549019608 0.5220588235294118 0.07679738562091504 0.15441176470588236
16 0.21568627450980393 0.3382352941176471 0.07026143790849673 0.13725490196078433
16 0.09967320261437909 0.375 0.05718954248366013 0.09313725490196079
16 0.3104575163398693 0.3161764705882353 0.05718954248366013 0.08823529411764706
16 0.4722222222222222 0.3161764705882353 0.06209150326797386 0.13480392156862744
16 0.6944444444444444 0.39950980392156865 0.05555555555555555 0.11274509803921569
16 0.8970588235294118 0.4068627450980392 0.06862745098039216 0.11519607843137254
16 0.7826797385620915 0.30392156862745096 0.05718954248366013 0.11029411764705882
16 0.16339869281045752 0.14705882352941177 0.05555555555555555 0.10049019607843138
16 0.3431372549019608 0.16911764705882354 0.05555555555555555 0.10294117647058823
16 0.47875816993464054 0.19117647058823528 0.0457516339869281 0.08333333333333333
16 0.6176470588235294 0.24509803921568626 0.06045751633986928 0.08333333333333333
