16 0.3872549019607843 0.4019607843137255 0.08496732026143791 0.17892156862745098
16 0.6552287581699346 0.5245098039215687 0.0784313725490196 0.1568627450980392
16 0.7826797385620915 0.3382352941176471 0.0718954248366013 0.13970588235294118
16 0.8986928104575164 0.375 0.058823529411764705 0.09558823529411764
16 0.6879084967320261 0.3161764705882353 0.058823529411764705 0.09068627450980392
16 0.5261437908496732 0.31862745098039214 0.06372549019607843 0.13725490196078433
16 0.30392156862745096 0.39950980392156865 0.05718954248366013 0.11519607843137254
16 0.10130718954248366 0.40931372549019607 0.07026143790849673 0.11764705882352941
16 0.21568627450980393 0.30637254901960786 0.058823529411764705 0.11274509803921569
16 0.8349673202614379 0.14950980392156862 0.05718954248366013 0.10294117647058823
16 0.6552287581699346 0.16911764705882354 0.05718954248366013 0.1053921568627451
16 0.5196078431372549 0.19117647058823528 0.04738562091503268 0.0857843137254902
16 0.380718954248366 0.24509803921568626 0.06209150326797386 0.0857843137254902
