16 0.10784313725490197 0.7771836007130125 0.20751633986928106 0.2816399286987522
16 0.13725490196078433 0.6185383244206774 0.20098039215686275 0.24064171122994651
16 0.34967320261437906 0.5597147950089126 0.1650326797385621 0.22103386809269163
16 0.4803921568627451 0.5365418894830659 0.18790849673202614 0.22103386809269163
16 0.6977124183006536 0.8948306595365418 0.28431372549019607 0.19964349376114082
16 0.9003267973856209 0.6024955436720143 0.18627450980392157 0.2638146167557932
16 0.7647058823529411 0.39928698752228164 0.16013071895424835 0.23351158645276293
16 0.3741830065359477 0.25668449197860965 0.17483660130718953 0.21746880570409982
16 0.10620915032679738 0.22638146167557932 0.18627450980392157 0.23351158645276293
16 0.05228758169934641 0.3868092691622103 0.09967320261437909 0.20320855614973263
16 0.21568627450980393 0.11586452762923351 0.13725490196078433 0.20320855614973263
16 0.7124183006535948 0.14795008912655971 0.14215686274509803 0.23707664884135474
16 0.5261437908496732 0.09090909090909091 0.14215686274509803 0.17647058823529413
