16 0.22103386809269163 0.10947712418300654 0.28342245989304815 0.20915032679738563
16 0.37967914438502676 0.1388888888888889 0.24242424242424243 0.20261437908496732
16 0.4385026737967914 0.35130718954248363 0.22281639928698752 0.16666666666666666
16 0.46167557932263814 0.4820261437908497 0.22281639928698752 0.1895424836601307
16 0.10338680926916222 0.6977124183006536 0.2014260249554367 0.28594771241830064
16 0.39572192513368987 0.9003267973856209 0.26559714795008915 0.18790849673202614
16 0.5989304812834224 0.7647058823529411 0.23529411764705882 0.16176470588235295
16 0.7415329768270945 0.3758169934640523 0.2192513368983957 0.17647058823529413
16 0.7718360071301248 0.10620915032679738 0.23529411764705882 0.18790849673202614
16 0.6114081996434938 0.05392156862745098 0.20499108734402852 0.10130718954248366
16 0.8823529411764706 0.21568627450980393 0.20499108734402852 0.1388888888888889
16 0.8502673796791443 0.7140522875816994 0.23885918003565063 0.1437908496732026
16 0.9073083778966132 0.5277777777777778 0.17825311942959002 0.1437908496732026
