16 0.8905228758169934 0.22103386809269163 0.20915032679738563 0.28342245989304815
16 0.8611111111111112 0.37967914438502676 0.20261437908496732 0.24242424242424243
16 0.6486928104575164 0.4385026737967914 0.16666666666666666 0.22281639928698752
16 0.5179738562091504 0.46167557932263814 0.1895424836601307 0.22281639928698752
16 0.3006535947712418 0.10338680926916222 0.28594771241830064 0.2014260249554367
16 0.09803921568627451 0.39572192513368987 0.18790849673202614 0.26559714795008915
16 0.23366013071895425 0.5989304812834224 0.16176470588235295 0.23529411764705882
16 0.6241830065359477 0.7415329768270945 0.17647058823529413 0.2192513368983957
16 0.8921568627450981 0.7718360071301248 0.18790849673202614 0.23529411764705882
16 0.946078431372549 0.6114081996434938 0.10130718954248366 0.20499108734402852
16 0.7826797385620915 0.8823529411764706 0.1388888888888889 0.20499108734402852
16 0.28594771241830064 0.8502673796791443 0.1437908496732026 0.23885918003565063
16 0.4722222222222222 0.9073083778966132 0.1437908496732026 0.17825311942959002
