16 0.6715686274509803 0.23774509803921567 0.13725490196078433 0.24509803921568626
16 0.4150326797385621 0.571078431372549 0.10620915032679738 0.19852941176470587
16 0.11764705882352941 0.5759803921568627 0.08986928104575163 0.17401960784313725
16 0.03758169934640523 0.75 0.0718954248366013 0.16176470588235295
16 0.30718954248366015 0.7377450980392157 0.06862745098039216 0.14705882352941177
16 0.5506535947712419 0.7181372549019608 0.08006535947712418 0.13970588235294118
16 0.7516339869281046 0.5269607843137255 0.0915032679738562 0.1642156862745098
16 0.8856209150326797 0.7230392156862745 0.08169934640522876 0.15196078431372548
16 0.6683006535947712 0.8431372549019608 0.06209150326797386 0.11029411764705882
16 0.4493464052287582 0.8259803921568627 0.06535947712418301 0.11274509803921569
16 0.24673202614379086 0.8553921568627451 0.06045751633986928 0.10784313725490197
16 0.9330065359477124 0.8259803921568627 0.06699346405228758 0.13970588235294118
16 0.5718954248366013 0.9509803921568627 0.06372549019607843 0.09313725490196079
16 0.3660130718954248 0.9485294117647058 0.05718954248366013 0.09313725490196079
