16 0.6699346405228758 0.7598039215686274 0.13562091503267973 0.2426470588235294
16 0.4150326797385621 0.4264705882352941 0.10457516339869281 0.19607843137254902
16 0.11764705882352941 0.4215686274509804 0.08823529411764706 0.1715686274509804
16 0.03594771241830065 0.24754901960784315 0.07026143790849673 0.15931372549019607
16 0.3055555555555556 0.25980392156862747 0.06699346405228758 0.14460784313725492
16 0.5506535947712419 0.27941176470588236 0.0784313725490196 0.13725490196078433
16 0.75 0.47058823529411764 0.08986928104575163 0.16176470588235295
16 0.8839869281045751 0.27450980392156865 0.08006535947712418 0.14950980392156862
16 0.6666666666666666 0.15441176470588236 0.06045751633986928 0.10784313725490197
16 0.4477124183006536 0.1715686274509804 0.06372549019607843 0.11029411764705882
16 0.24673202614379086 0.14215686274509803 0.058823529411764705 0.1053921568627451
16 0.9330065359477124 0.1715686274509804 0.06535947712418301 0.13725490196078433
16 0.5718954248366013 0.04656862745098039 0.06209150326797386 0.09068627450980392
16 0.3660130718954248 0.049019607843137254 0.05555555555555555 0.09068627450980392
