16 0.655328798185941 0.6225490196078431 0.1383219954648526 0.12745098039215685
16 0.8979591836734694 0.6830065359477124 0.16099773242630386 0.15359477124183007
16 0.37188208616780044 0.3872549019607843 0.1655328798185941 0.13725490196078433
16 0.19727891156462585 0.3660130718954248 0.1383219954648526 0.14215686274509803
16 0.049886621315192746 0.27124183006535946 0.09070294784580499 0.13725490196078433
16 0.23809523809523808 0.2173202614379085 0.1292517006802721 0.12091503267973856
16 0.19501133786848074 0.07026143790849673 0.1292517006802721 0.13071895424836602
16 0.6190476190476191 0.36437908496732024 0.10204081632653061 0.11601307189542484
16 0.873015873015873 0.44607843137254904 0.1292517006802721 0.13071895424836602
16 0.9546485260770975 0.5326797385620915 0.09070294784580499 0.10620915032679738
16 0.6621315192743764 0.25 0.08616780045351474 0.10457516339869281
16 0.9455782312925171 0.24509803921568626 0.09750566893424037 0.12254901960784313
