16 0.6575963718820862 0.3758169934640523 0.14058956916099774 0.12908496732026145
16 0.9002267573696145 0.315359477124183 0.16326530612244897 0.15522875816993464
16 0.3741496598639456 0.6111111111111112 0.16780045351473924 0.1388888888888889
16 0.19954648526077098 0.6323529411764706 0.14058956916099774 0.1437908496732026
16 0.049886621315192746 0.7271241830065359 0.09297052154195011 0.1388888888888889
16 0.24036281179138322 0.7810457516339869 0.13151927437641722 0.12254901960784313
16 0.19727891156462585 0.9281045751633987 0.13151927437641722 0.1323529411764706
16 0.6213151927437641 0.6339869281045751 0.10430839002267574 0.11764705882352941
16 0.8752834467120182 0.5522875816993464 0.13151927437641722 0.1323529411764706
16 0.9546485260770975 0.46568627450980393 0.09070294784580499 0.10784313725490197
16 0.6621315192743764 0.7483660130718954 0.08843537414965986 0.10620915032679738
16 0.9478458049886621 0.7532679738562091 0.09977324263038549 0.12418300653594772
