16 0.6862745098039216 0.7990196078431373 0.13725490196078433 0.25735294117647056
16 0.8415032679738562 0.553921568627451 0.09967320261437909 0.15931372549019607
16 0.13398692810457516 0.5073529411764706 0.08823529411764706 0.16911764705882354
16 0.4722222222222222 0.4632352941176471 0.10620915032679738 0.19607843137254902
16 0.119281045751634 0.25735294117647056 0.07679738562091504 0.1715686274509804
16 0.38562091503267976 0.28921568627450983 0.08660130718954248 0.15441176470588236
16 0.6699346405228758 0.2965686274509804 0.08823529411764706 0.16666666666666666
16 0.35130718954248363 0.16666666666666666 0.06535947712418301 0.12009803921568628
16 0.545751633986928 0.18382352941176472 0.0718954248366013 0.12009803921568628
16 0.8055555555555556 0.14950980392156862 0.07026143790849673 0.10784313725490197
16 0.6993464052287581 0.049019607843137254 0.05555555555555555 0.09313725490196079
16 0.5147058823529411 0.049019607843137254 0.06209150326797386 0.09558823529411764
