16 0.31209150326797386 0.19852941176470587 0.1388888888888889 0.25980392156862747
16 0.1568627450980392 0.44362745098039214 0.10130718954248366 0.16176470588235295
16 0.8643790849673203 0.49019607843137253 0.08986928104575163 0.1715686274509804
16 0.5261437908496732 0.5343137254901961 0.10784313725490197 0.19852941176470587
16 0.8790849673202614 0.7401960784313726 0.0784313725490196 0.17401960784313725
16 0.6127450980392157 0.7083333333333334 0.08823529411764706 0.1568627450980392
16 0.3284313725490196 0.7009803921568627 0.08986928104575163 0.16911764705882354
16 0.6470588235294118 0.8308823529411765 0.06699346405228758 0.12254901960784313
16 0.4526143790849673 0.8137254901960784 0.07352941176470588 0.12254901960784313
16 0.19281045751633988 0.8480392156862745 0.0718954248366013 0.11029411764705882
16 0.29901960784313725 0.9485294117647058 0.05718954248366013 0.09558823529411764
16 0.48366013071895425 0.9485294117647058 0.06372549019607843 0.09803921568627451
