16 0.2647058823529412 0.6764705882352942 0.06045751633986928 0.11274509803921569
16 0.11437908496732026 0.5122549019607843 0.06699346405228758 0.11274509803921569
16 0.23529411764705882 0.39705882352941174 0.07026143790849673 0.11274509803921569
16 0.38562091503267976 0.35294117647058826 0.06209150326797386 0.12990196078431374
16 0.40522875816993464 0.6495098039215687 0.06699346405228758 0.125
16 0.5833333333333334 0.8259803921568627 0.058823529411764705 0.11029411764705882
16 0.5098039215686274 0.45098039215686275 0.07516339869281045 0.12990196078431374
16 0.6454248366013072 0.40931372549019607 0.0718954248366013 0.15196078431372548
16 0.7189542483660131 0.3553921568627451 0.06209150326797386 0.125
16 0.795751633986928 0.4583333333333333 0.06699346405228758 0.11764705882352941
16 0.9101307189542484 0.3602941176470588 0.06699346405228758 0.12990196078431374
16 0.10620915032679738 0.25 0.06209150326797386 0.12009803921568628
16 0.1454248366013072 0.1642156862745098 0.05228758169934641 0.08823529411764706
16 0.20915032679738563 0.2622549019607843 0.05555555555555555 0.07598039215686274
16 0.3006535947712418 0.21568627450980393 0.05555555555555555 0.11274509803921569
16 0.35294117647058826 0.16176470588235295 0.06209150326797386 0.10294117647058823
16 0.46078431372549017 0.23774509803921567 0.05555555555555555 0.08333333333333333
16 0.5049019607843137 0.3161764705882353 0.058823529411764705 0.10294117647058823
16 0.6143790849673203 0.2622549019607843 0.06209150326797386 0.09313725490196079
16 0.5522875816993464 0.10784313725490197 0.05718954248366013 0.11274509803921569
16 0.7189542483660131 0.14705882352941177 0.05555555555555555 0.11519607843137254
16 0.815359477124183 0.28431372549019607 0.05718954248366013 0.11029411764705882
16 0.8839869281045751 0.24019607843137256 0.049019607843137254 0.09068627450980392
