16 0.7336601307189542 0.6764705882352942 0.06209150326797386 0.11519607843137254
16 0.8839869281045751 0.5122549019607843 0.06862745098039216 0.11519607843137254
16 0.7630718954248366 0.39705882352941174 0.0718954248366013 0.11519607843137254
16 0.6127450980392157 0.3553921568627451 0.06372549019607843 0.1323529411764706
16 0.5931372549019608 0.6519607843137255 0.06862745098039216 0.12745098039215685
16 0.4150326797385621 0.8284313725490197 0.06045751633986928 0.11274509803921569
16 0.48856209150326796 0.4534313725490196 0.07679738562091504 0.1323529411764706
16 0.35294117647058826 0.40931372549019607 0.07352941176470588 0.15441176470588236
16 0.27941176470588236 0.35784313725490197 0.06372549019607843 0.12745098039215685
16 0.20261437908496732 0.4583333333333333 0.06862745098039216 0.12009803921568628
16 0.08823529411764706 0.3627450980392157 0.06862745098039216 0.1323529411764706
16 0.8921568627450981 0.25245098039215685 0.06372549019607843 0.12254901960784313
16 0.8529411764705882 0.1642156862745098 0.05392156862745098 0.09068627450980392
16 0.7892156862745098 0.2647058823529412 0.05718954248366013 0.0784313725490196
16 0.6977124183006536 0.21568627450980393 0.05718954248366013 0.11519607843137254
16 0.6454248366013072 0.16176470588235295 0.06372549019607843 0.1053921568627451
16 0.5375816993464052 0.23774509803921567 0.05718954248366013 0.0857843137254902
16 0.4934640522875817 0.3161764705882353 0.06045751633986928 0.1053921568627451
16 0.3839869281045752 0.2622549019607843 0.06372549019607843 0.09558823529411764
16 0.44607843137254904 0.10784313725490197 0.058823529411764705 0.11519607843137254
16 0.27941176470588236 0.14950980392156862 0.05718954248366013 0.11764705882352941
16 0.1830065359477124 0.2867647058823529 0.058823529411764705 0.11274509803921569
16 0.11437908496732026 0.2426470588235294 0.05065359477124183 0.09313725490196079
