16 0.4019607843137255 0.184640522875817 0.2107843137254902 0.119281045751634
16 0.41421568627450983 0.3611111111111111 0.21568627450980393 0.11274509803921569
16 0.39950980392156865 0.5964052287581699 0.24754901960784315 0.13398692810457516
16 0.42401960784313725 0.7581699346405228 0.23774509803921567 0.10784313725490197
16 0.5514705882352942 0.9133986928104575 0.21323529411764705 0.10294117647058823
16 0.7058823529411765 0.2238562091503268 0.21323529411764705 0.10130718954248366
16 0.7328431372549019 0.35130718954248363 0.17647058823529413 0.08986928104575163
16 0.8700980392156863 0.49836601307189543 0.18137254901960784 0.08169934640522876
16 0.7034313725490197 0.5980392156862745 0.19607843137254902 0.1111111111111111
16 0.7107843137254902 0.8251633986928104 0.17892156862745098 0.10620915032679738
