16 0.184640522875817 0.5980392156862745 0.11764705882352941 0.20833333333333334
16 0.3611111111111111 0.5857843137254902 0.1111111111111111 0.21323529411764705
16 0.5947712418300654 0.6004901960784313 0.1323529411764706 0.24509803921568626
16 0.7565359477124183 0.5759803921568627 0.10620915032679738 0.23529411764705882
16 0.9133986928104575 0.4485294117647059 0.10130718954248366 0.2107843137254902
16 0.2222222222222222 0.29411764705882354 0.09967320261437909 0.2107843137254902
16 0.35130718954248363 0.26715686274509803 0.08823529411764706 0.17401960784313725
16 0.49673202614379086 0.12990196078431374 0.08006535947712418 0.17892156862745098
16 0.5964052287581699 0.2965686274509804 0.10947712418300654 0.19362745098039216
16 0.8251633986928104 0.28921568627450983 0.10457516339869281 0.17647058823529413
