16 0.8137254901960784 0.39950980392156865 0.119281045751634 0.2107843137254902
16 0.6372549019607843 0.4117647058823529 0.11274509803921569 0.21568627450980393
16 0.4035947712418301 0.39705882352941174 0.13398692810457516 0.24754901960784315
16 0.24183006535947713 0.4215686274509804 0.10784313725490197 0.23774509803921567
16 0.08496732026143791 0.5490196078431373 0.10294117647058823 0.21323529411764705
16 0.7761437908496732 0.7034313725490197 0.10130718954248366 0.21323529411764705
16 0.6470588235294118 0.7303921568627451 0.08986928104575163 0.17647058823529413
16 0.5016339869281046 0.8676470588235294 0.08169934640522876 0.18137254901960784
16 0.4019607843137255 0.7009803921568627 0.1111111111111111 0.19607843137254902
16 0.17320261437908496 0.7083333333333334 0.10620915032679738 0.17892156862745098
