16 0.7642752562225475 0.6731770833333334 0.09150805270863836 0.21223958333333334
16 0.25841874084919475 0.16536458333333334 0.03806734992679356 0.06380208333333333
16 0.22913616398243045 0.4231770833333333 0.055636896046852125 0.125
16 0.07979502196193265 0.5768229166666666 0.08345534407027819 0.171875
16 0.3506588579795022 0.33984375 0.0527086383601757 0.09505208333333333
16 0.424597364568082 0.2799479166666667 0.03806734992679356 0.08203125
16 0.4816983894582723 0.2630208333333333 0.029282576866764276 0.06770833333333333
16 0.513909224011713 0.23567708333333334 0.027086383601756955 0.059895833333333336
16 0.7701317715959004 0.4635416666666667 0.06222547584187409 0.13802083333333334
16 0.732796486090776 0.390625 0.036603221083455345 0.11067708333333333
