16 0.3268229166666667 0.2349926793557833 0.21223958333333334 0.09150805270863836
16 0.8346354166666666 0.7415812591508053 0.06380208333333333 0.03806734992679356
16 0.578125 0.7708638360175696 0.125 0.055636896046852125
16 0.4244791666666667 0.9202049780380673 0.171875 0.08345534407027819
16 0.66015625 0.6493411420204978 0.09505208333333333 0.0527086383601757
16 0.7200520833333334 0.575402635431918 0.08203125 0.03806734992679356
16 0.73828125 0.5183016105417276 0.06770833333333333 0.029282576866764276
16 0.765625 0.48535871156661786 0.059895833333333336 0.027086383601756955
16 0.5377604166666666 0.22913616398243045 0.13802083333333334 0.06222547584187409
16 0.609375 0.26720351390922403 0.11067708333333333 0.036603221083455345
