16 0.2349926793557833 0.6731770833333334 0.09077598828696926 0.2109375
16 0.7408491947291361 0.16536458333333334 0.03733528550512445 0.0625
16 0.7701317715959004 0.421875 0.05490483162518302 0.12369791666666667
16 0.9194729136163983 0.5755208333333334 0.08272327964860908 0.17057291666666666
16 0.6486090775988287 0.33984375 0.05197657393850659 0.09375
16 0.5746705710102489 0.2799479166666667 0.03733528550512445 0.08072916666666667
16 0.5175695461200586 0.26171875 0.02855051244509517 0.06640625
16 0.48535871156661786 0.234375 0.02635431918008785 0.05859375
16 0.22913616398243045 0.4622395833333333 0.06149341142020498 0.13671875
16 0.2664714494875549 0.390625 0.03587115666178624 0.109375
