16 0.39869281045751637 0.19117647058823528 0.09803921568627451 0.08169934640522876
16 0.3572984749455338 0.3104575163398693 0.11546840958605664 0.07352941176470588
16 0.7058823529411765 0.22549019607843138 0.09586056644880174 0.07026143790849673
16 0.5904139433551199 0.2957516339869281 0.08496732026143791 0.06209150326797386
16 0.514161220043573 0.34477124183006536 0.10457516339869281 0.06372549019607843
16 0.4662309368191721 0.5163398692810458 0.0915032679738562 0.06535947712418301
16 0.43137254901960786 0.6568627450980392 0.09803921568627451 0.06862745098039216
16 0.41612200435729846 0.815359477124183 0.10457516339869281 0.06699346405228758
16 0.6100217864923747 0.4395424836601307 0.08496732026143791 0.06372549019607843
16 0.5751633986928104 0.5784313725490197 0.0915032679738562 0.05555555555555555
16 0.6100217864923747 0.7124183006535948 0.10893246187363835 0.06209150326797386
16 0.7494553376906318 0.6911764705882353 0.10457516339869281 0.06372549019607843
16 0.7908496732026143 0.5490196078431373 0.09803921568627451 0.06209150326797386
16 0.8082788671023965 0.38562091503267976 0.09586056644880174 0.06209150326797386
