16 0.8088235294117647 0.599128540305011 0.08169934640522876 0.09803921568627451
16 0.6879084967320261 0.6405228758169934 0.07352941176470588 0.11546840958605664
16 0.7728758169934641 0.29411764705882354 0.07026143790849673 0.09586056644880174
16 0.704248366013072 0.4074074074074074 0.06209150326797386 0.08496732026143791
16 0.6535947712418301 0.485838779956427 0.06372549019607843 0.10457516339869281
16 0.48366013071895425 0.5337690631808278 0.06535947712418301 0.0915032679738562
16 0.3431372549019608 0.5664488017429193 0.06862745098039216 0.09803921568627451
16 0.1830065359477124 0.5838779956427015 0.06699346405228758 0.10457516339869281
16 0.5588235294117647 0.3877995642701525 0.06372549019607843 0.08496732026143791
16 0.4215686274509804 0.42483660130718953 0.05555555555555555 0.0915032679738562
16 0.2875816993464052 0.3899782135076253 0.06209150326797386 0.10893246187363835
16 0.30718954248366015 0.25054466230936817 0.06372549019607843 0.10457516339869281
16 0.45098039215686275 0.20697167755991286 0.06209150326797386 0.09803921568627451
16 0.6143790849673203 0.19172113289760348 0.06209150326797386 0.09586056644880174
