15 0.1125 0.46370370370370373 0.060833333333333336 0.10518518518518519
15 0.32916666666666666 0.20592592592592593 0.105 0.18518518518518517
15 0.2575 0.4103703703703704 0.0625 0.13925925925925925
15 0.5308333333333334 0.4 0.05333333333333334 0.09333333333333334
15 0.5625 0.5525925925925926 0.0375 0.0874074074074074
15 0.6466666666666666 0.4266666666666667 0.04833333333333333 0.09333333333333334
15 0.38 0.3674074074074074 0.06583333333333333 0.12444444444444444
15 0.6966666666666667 0.4192592592592593 0.03833333333333333 0.06814814814814815
15 0.745 0.5585185185185185 0.030833333333333334 0.05925925925925926
15 0.4825 0.5511111111111111 0.0275 0.06518518518518518
