15 0.1125 0.5348148148148149 0.06 0.1037037037037037
15 0.3283333333333333 0.7925925925925926 0.10416666666666667 0.1837037037037037
15 0.2575 0.5881481481481482 0.06166666666666667 0.13777777777777778
15 0.53 0.5985185185185186 0.0525 0.09185185185185185
15 0.5625 0.44592592592592595 0.03666666666666667 0.08592592592592592
15 0.6458333333333334 0.5718518518518518 0.0475 0.09185185185185185
15 0.38 0.6311111111111111 0.065 0.12296296296296297
15 0.6958333333333333 0.5792592592592593 0.0375 0.06666666666666667
15 0.745 0.44 0.03 0.057777777777777775
15 0.4825 0.4474074074074074 0.02666666666666667 0.0637037037037037
