15 0.46370370370370373 0.1125 0.10518518518518519 0.060833333333333336
15 0.20592592592592593 0.32916666666666666 0.18518518518518517 0.105
15 0.4103703703703704 0.2575 0.13925925925925925 0.0625
15 0.4 0.5308333333333334 0.09333333333333334 0.05333333333333334
15 0.5525925925925926 0.5625 0.0874074074074074 0.0375
15 0.4266666666666667 0.6466666666666666 0.09333333333333334 0.04833333333333333
15 0.3674074074074074 0.38 0.12444444444444444 0.06583333333333333
15 0.4192592592592593 0.6966666666666667 0.06814814814814815 0.03833333333333333
15 0.5585185185185185 0.745 0.05925925925925926 0.030833333333333334
15 0.5511111111111111 0.4825 0.06518518518518518 0.0275
