16 0.24630541871921183 0.795751633986928 0.09852216748768473 0.08333333333333333
16 0.625615763546798 0.7663398692810458 0.1354679802955665 0.10130718954248366
16 0.1477832512315271 0.5147058823529411 0.08866995073891626 0.058823529411764705
16 0.4458128078817734 0.5326797385620915 0.07389162561576355 0.058823529411764705
16 0.8078817733990148 0.5359477124183006 0.09113300492610837 0.0784313725490196
16 0.11083743842364532 0.3660130718954248 0.07142857142857142 0.05555555555555555
16 0.3817733990147783 0.3709150326797386 0.07389162561576355 0.06535947712418301
16 0.7561576354679803 0.38562091503267976 0.07881773399014778 0.06209150326797386
16 0.06157635467980296 0.26143790849673204 0.07142857142857142 0.05228758169934641
16 0.2438423645320197 0.24673202614379086 0.06157635467980296 0.05392156862745098
16 0.4408866995073892 0.2647058823529412 0.054187192118226604 0.05718954248366013
16 0.6699507389162561 0.27450980392156865 0.05172413793103448 0.05555555555555555
16 0.8866995073891626 0.2875816993464052 0.06403940886699508 0.06045751633986928
16 0.18472906403940886 0.16666666666666666 0.059113300492610835 0.042483660130718956
16 0.3669950738916256 0.17320261437908496 0.05665024630541872 0.04411764705882353
16 0.5763546798029556 0.1830065359477124 0.059113300492610835 0.05555555555555555
16 0.7438423645320197 0.19607843137254902 0.059113300492610835 0.05065359477124183
16 0.9064039408866995 0.19281045751633988 0.06157635467980296 0.05392156862745098
16 0.4482758620689655 0.11274509803921569 0.04926108374384237 0.04411764705882353
16 0.603448275862069 0.119281045751634 0.06157635467980296 0.04084967320261438
16 0.7783251231527094 0.12254901960784313 0.054187192118226604 0.04084967320261438
16 0.916256157635468 0.13398692810457516 0.04433497536945813 0.04084967320261438
16 0.3793103448275862 0.06209150326797386 0.05172413793103448 0.042483660130718956
16 0.5566502463054187 0.06535947712418301 0.04433497536945813 0.04738562091503268
16 0.6280788177339901 0.06045751633986928 0.05172413793103448 0.04738562091503268
16 0.8251231527093597 0.06045751633986928 0.04433497536945813 0.0457516339869281
16 0.9704433497536946 0.0784313725490196 0.03940886699507389 0.0457516339869281
