16 0.2042483660130719 0.24630541871921183 0.08496732026143791 0.10098522167487685
16 0.23366013071895425 0.6280788177339901 0.10294117647058823 0.13793103448275862
16 0.4852941176470588 0.1477832512315271 0.06045751633986928 0.09113300492610837
16 0.4673202614379085 0.4458128078817734 0.06045751633986928 0.07635467980295567
16 0.46405228758169936 0.8103448275862069 0.08006535947712418 0.09359605911330049
16 0.6339869281045751 0.11330049261083744 0.05718954248366013 0.07389162561576355
16 0.6290849673202614 0.3817733990147783 0.06699346405228758 0.07635467980295567
16 0.6143790849673203 0.7561576354679803 0.06372549019607843 0.0812807881773399
16 0.738562091503268 0.06403940886699508 0.05392156862745098 0.07389162561576355
16 0.7532679738562091 0.24630541871921183 0.05555555555555555 0.06403940886699508
16 0.7352941176470589 0.4408866995073892 0.058823529411764705 0.05665024630541872
16 0.7254901960784313 0.6724137931034483 0.05718954248366013 0.054187192118226604
16 0.7124183006535948 0.8866995073891626 0.06209150326797386 0.0665024630541872
16 0.8333333333333334 0.18472906403940886 0.04411764705882353 0.06157635467980296
16 0.826797385620915 0.3694581280788177 0.0457516339869281 0.059113300492610835
16 0.8169934640522876 0.5763546798029556 0.05718954248366013 0.06157635467980296
16 0.803921568627451 0.7438423645320197 0.05228758169934641 0.06157635467980296
16 0.8071895424836601 0.9088669950738916 0.05555555555555555 0.06403940886699508
16 0.8872549019607843 0.4482758620689655 0.0457516339869281 0.05172413793103448
16 0.880718954248366 0.6059113300492611 0.042483660130718956 0.06403940886699508
16 0.8774509803921569 0.7783251231527094 0.042483660130718956 0.05665024630541872
16 0.8660130718954249 0.916256157635468 0.042483660130718956 0.046798029556650245
16 0.9379084967320261 0.3817733990147783 0.04411764705882353 0.054187192118226604
16 0.934640522875817 0.5566502463054187 0.049019607843137254 0.046798029556650245
16 0.9395424836601307 0.6305418719211823 0.049019607843137254 0.054187192118226604
16 0.9395424836601307 0.8251231527093597 0.04738562091503268 0.046798029556650245
16 0.9215686274509803 0.9704433497536946 0.04738562091503268 0.04187192118226601
