16 0.24630541871921183 0.20261437908496732 0.10098522167487685 0.08496732026143791
16 0.6280788177339901 0.23202614379084968 0.13793103448275862 0.10294117647058823
16 0.1477832512315271 0.48366013071895425 0.09113300492610837 0.06045751633986928
16 0.4458128078817734 0.46568627450980393 0.07635467980295567 0.06045751633986928
16 0.8103448275862069 0.4624183006535948 0.09359605911330049 0.08006535947712418
16 0.11330049261083744 0.6323529411764706 0.07389162561576355 0.05718954248366013
16 0.3817733990147783 0.6274509803921569 0.07635467980295567 0.06699346405228758
16 0.7561576354679803 0.6127450980392157 0.0812807881773399 0.06372549019607843
16 0.06403940886699508 0.7369281045751634 0.07389162561576355 0.05392156862745098
16 0.24630541871921183 0.7516339869281046 0.06403940886699508 0.05555555555555555
16 0.4408866995073892 0.7336601307189542 0.05665024630541872 0.058823529411764705
16 0.6724137931034483 0.7238562091503268 0.054187192118226604 0.05718954248366013
16 0.8866995073891626 0.7107843137254902 0.0665024630541872 0.06209150326797386
16 0.18472906403940886 0.8316993464052288 0.06157635467980296 0.04411764705882353
16 0.3694581280788177 0.8251633986928104 0.059113300492610835 0.0457516339869281
16 0.5763546798029556 0.815359477124183 0.06157635467980296 0.05718954248366013
16 0.7438423645320197 0.8022875816993464 0.06157635467980296 0.05228758169934641
16 0.9088669950738916 0.8055555555555556 0.06403940886699508 0.05555555555555555
16 0.4482758620689655 0.8856209150326797 0.05172413793103448 0.0457516339869281
16 0.6059113300492611 0.8790849673202614 0.06403940886699508 0.042483660130718956
16 0.7783251231527094 0.8758169934640523 0.05665024630541872 0.042483660130718956
16 0.916256157635468 0.8643790849673203 0.046798029556650245 0.042483660130718956
16 0.3817733990147783 0.9362745098039216 0.054187192118226604 0.04411764705882353
16 0.5566502463054187 0.9330065359477124 0.046798029556650245 0.049019607843137254
16 0.6305418719211823 0.9379084967320261 0.054187192118226604 0.049019607843137254
16 0.8251231527093597 0.9379084967320261 0.046798029556650245 0.04738562091503268
16 0.9704433497536946 0.9199346405228758 0.04187192118226601 0.04738562091503268
