16 0.1763888888888889 0.4 0.09444444444444444 0.05703125
16 0.28888888888888886 0.2375 0.09444444444444444 0.05390625
16 0.4777777777777778 0.04453125 0.09027777777777778 0.0359375
16 0.5027777777777778 0.37890625 0.08194444444444444 0.034375
16 0.7111111111111111 0.19609375 0.06944444444444445 0.040625
16 0.6555555555555556 0.32734375 0.06527777777777778 0.03359375
16 0.7736111111111111 0.20390625 0.059722222222222225 0.0296875
16 0.7625 0.3453125 0.06388888888888888 0.025
16 0.7472222222222222 0.5015625 0.05555555555555555 0.02265625
16 0.9069444444444444 0.425 0.05416666666666667 0.0296875
16 0.8152777777777778 0.6984375 0.05138888888888889 0.03203125
