16 0.4 0.175 0.05703125 0.09444444444444444
16 0.2375 0.2875 0.05390625 0.09444444444444444
16 0.04453125 0.47638888888888886 0.0359375 0.09027777777777778
16 0.37890625 0.5013888888888889 0.034375 0.08194444444444444
16 0.19609375 0.7097222222222223 0.040625 0.06944444444444445
16 0.32734375 0.6541666666666667 0.03359375 0.06527777777777778
16 0.20390625 0.7722222222222223 0.0296875 0.059722222222222225
16 0.3453125 0.7611111111111111 0.025 0.06388888888888888
16 0.5015625 0.7458333333333333 0.02265625 0.05555555555555555
16 0.425 0.9055555555555556 0.0296875 0.05416666666666667
16 0.6984375 0.8138888888888889 0.03203125 0.05138888888888889
