16 0.4 0.8236111111111111 0.05625 0.09305555555555556
16 0.2375 0.7111111111111111 0.053125 0.09305555555555556
16 0.04375 0.5222222222222223 0.03515625 0.08888888888888889
16 0.378125 0.49722222222222223 0.03359375 0.08055555555555556
16 0.1953125 0.28888888888888886 0.03984375 0.06805555555555555
16 0.32734375 0.34444444444444444 0.0328125 0.06388888888888888
16 0.203125 0.2263888888888889 0.02890625 0.058333333333333334
16 0.34453125 0.2375 0.02421875 0.0625
16 0.5015625 0.25277777777777777 0.021875 0.05416666666666667
16 0.42421875 0.09305555555555556 0.02890625 0.05277777777777778
16 0.6984375 0.18472222222222223 0.03125 0.05
