16 0.60078125 0.1763888888888889 0.05 0.09583333333333334
16 0.7609375 0.2902777777777778 0.053125 0.08611111111111111
16 0.95234375 0.4708333333333333 0.03203125 0.08194444444444444
16 0.6203125 0.5041666666666667 0.0390625 0.08194444444444444
16 0.796875 0.7125 0.03515625 0.05694444444444444
16 0.67265625 0.6555555555555556 0.03203125 0.06805555555555555
16 0.7953125 0.7736111111111111 0.03125 0.06388888888888888
16 0.65546875 0.7611111111111111 0.02578125 0.058333333333333334
16 0.4984375 0.7458333333333333 0.0265625 0.05694444444444444
16 0.57578125 0.9055555555555556 0.03359375 0.06527777777777778
