16 0.17777777777777778 0.39921875 0.09583333333333334 0.05
16 0.2916666666666667 0.2390625 0.08611111111111111 0.053125
16 0.4722222222222222 0.046875 0.08194444444444444 0.03203125
16 0.5055555555555555 0.3796875 0.08194444444444444 0.0390625
16 0.7138888888888889 0.20234375 0.05694444444444444 0.03515625
16 0.6569444444444444 0.3265625 0.06805555555555555 0.03203125
16 0.775 0.2046875 0.06388888888888888 0.03125
16 0.7625 0.34375 0.058333333333333334 0.02578125
16 0.7472222222222222 0.5015625 0.05694444444444444 0.0265625
16 0.9069444444444444 0.4234375 0.06527777777777778 0.03359375
