16 0.3984375 0.8222222222222222 0.04921875 0.09444444444444444
16 0.23828125 0.7083333333333334 0.05234375 0.08472222222222223
16 0.046875 0.5277777777777778 0.03125 0.08055555555555556
16 0.37890625 0.49444444444444446 0.03828125 0.08055555555555556
16 0.20234375 0.2861111111111111 0.034375 0.05555555555555555
16 0.3265625 0.34305555555555556 0.03125 0.06666666666666667
16 0.20390625 0.225 0.03046875 0.0625
16 0.34375 0.2375 0.025 0.05694444444444444
16 0.50078125 0.25277777777777777 0.02578125 0.05555555555555555
16 0.4234375 0.09305555555555556 0.0328125 0.06388888888888888
