16 0.18055555555555555 0.3984375 0.09722222222222222 0.05078125
16 0.23055555555555557 0.48359375 0.10833333333333334 0.04921875
16 0.5027777777777778 0.38046875 0.09027777777777778 0.04296875
16 0.7111111111111111 0.2140625 0.07361111111111111 0.03515625
16 0.7638888888888888 0.34375 0.05694444444444444 0.02578125
16 0.7472222222222222 0.50078125 0.05555555555555555 0.0296875
16 0.2875 0.2421875 0.09166666666666666 0.05625
16 0.475 0.046875 0.08194444444444444 0.0390625
16 0.6527777777777778 0.3265625 0.06805555555555555 0.03203125
16 0.7777777777777778 0.20234375 0.05694444444444444 0.03359375
16 0.9069444444444444 0.42421875 0.05416666666666667 0.025
