16 0.3984375 0.8194444444444444 0.05 0.09583333333333334
16 0.48359375 0.7694444444444445 0.0484375 0.10694444444444444
16 0.38046875 0.49722222222222223 0.0421875 0.08888888888888889
16 0.2140625 0.28888888888888886 0.034375 0.07222222222222222
16 0.34375 0.2361111111111111 0.025 0.05555555555555555
16 0.5 0.25277777777777777 0.02890625 0.05416666666666667
16 0.24140625 0.7125 0.05546875 0.09027777777777778
16 0.04609375 0.525 0.03828125 0.08055555555555556
16 0.3265625 0.3472222222222222 0.03125 0.06666666666666667
16 0.20234375 0.2222222222222222 0.0328125 0.05555555555555555
16 0.4234375 0.09305555555555556 0.02421875 0.05277777777777778
