16 0.60078125 0.8208333333333333 0.05078125 0.09722222222222222
16 0.515625 0.7708333333333334 0.04921875 0.10833333333333334
16 0.61875 0.49722222222222223 0.04296875 0.09027777777777778
16 0.78515625 0.28888888888888886 0.03515625 0.07361111111111111
16 0.65546875 0.2361111111111111 0.02578125 0.05694444444444444
16 0.49921875 0.25416666666666665 0.0296875 0.05555555555555555
16 0.7578125 0.7138888888888889 0.05625 0.09166666666666666
16 0.953125 0.525 0.0390625 0.08194444444444444
16 0.67265625 0.3472222222222222 0.03203125 0.06805555555555555
16 0.796875 0.2222222222222222 0.03359375 0.05694444444444444
16 0.57578125 0.09305555555555556 0.025 0.05416666666666667
