15 0.25166666666666665 0.23015873015873015 0.065 0.14761904761904762
15 0.15083333333333335 0.33174603174603173 0.045 0.1111111111111111
15 0.8408333333333333 0.1984126984126984 0.05583333333333333 0.15873015873015872
15 0.8358333333333333 0.3619047619047619 0.045 0.09047619047619047
15 0.4066666666666667 0.4650793650793651 0.035833333333333335 0.08571428571428572
15 0.1475 0.5333333333333333 0.030833333333333334 0.07301587301587302
15 0.03333333333333333 0.5095238095238095 0.03833333333333333 0.06825396825396825
15 0.13666666666666666 0.5984126984126984 0.025 0.05238095238095238
15 0.8358333333333333 0.5904761904761905 0.02 0.05873015873015873
15 0.7983333333333333 0.553968253968254 0.023333333333333334 0.06031746031746032
15 0.9008333333333334 0.8396825396825397 0.02 0.05396825396825397
15 0.9383333333333334 0.8650793650793651 0.015833333333333335 0.047619047619047616
15 0.695 0.8841269841269841 0.010833333333333334 0.02857142857142857
15 0.3591666666666667 0.8873015873015873 0.008333333333333333 0.025396825396825397
