15 0.23174603174603176 0.25166666666666665 0.14761904761904762 0.065
15 0.3333333333333333 0.15083333333333335 0.1111111111111111 0.045
15 0.2 0.8408333333333333 0.15873015873015872 0.05583333333333333
15 0.3634920634920635 0.8358333333333333 0.09047619047619047 0.045
15 0.4666666666666667 0.4066666666666667 0.08571428571428572 0.035833333333333335
15 0.5349206349206349 0.1475 0.07301587301587302 0.030833333333333334
15 0.5111111111111111 0.03333333333333333 0.06825396825396825 0.03833333333333333
15 0.6 0.13666666666666666 0.05238095238095238 0.025
15 0.5920634920634921 0.8358333333333333 0.05873015873015873 0.02
15 0.5555555555555556 0.7983333333333333 0.06031746031746032 0.023333333333333334
15 0.8412698412698413 0.9008333333333334 0.05396825396825397 0.02
15 0.8666666666666667 0.9383333333333334 0.047619047619047616 0.015833333333333335
15 0.8857142857142857 0.695 0.02857142857142857 0.010833333333333334
15 0.8888888888888888 0.3591666666666667 0.025396825396825397 0.008333333333333333
