15 0.25083333333333335 0.7682539682539683 0.06416666666666666 0.14603174603174604
15 0.15 0.6666666666666666 0.04416666666666667 0.10952380952380952
15 0.8408333333333333 0.8 0.055 0.15714285714285714
15 0.835 0.6365079365079365 0.04416666666666667 0.08888888888888889
15 0.4066666666666667 0.5333333333333333 0.035 0.08412698412698413
15 0.1475 0.4650793650793651 0.03 0.07142857142857142
15 0.0325 0.4888888888888889 0.0375 0.06666666666666667
15 0.13583333333333333 0.4 0.024166666666666666 0.050793650793650794
15 0.835 0.40793650793650793 0.019166666666666665 0.05714285714285714
15 0.7975 0.4444444444444444 0.0225 0.05873015873015873
15 0.9 0.15873015873015872 0.019166666666666665 0.05238095238095238
15 0.9383333333333334 0.13333333333333333 0.015 0.046031746031746035
15 0.695 0.11428571428571428 0.01 0.026984126984126985
15 0.35833333333333334 0.1111111111111111 0.0075 0.023809523809523808
