16 0.6494791666666667 0.40370370370370373 0.1421875 0.2537037037037037
16 0.3609375 0.4740740740740741 0.10677083333333333 0.18055555555555555
16 0.5578125 0.5638888888888889 0.0765625 0.13703703703703704
16 0.7546875 0.7083333333333334 0.042708333333333334 0.08518518518518518
16 0.9135416666666667 0.7435185185185185 0.0609375 0.10277777777777777
16 0.8604166666666667 0.6777777777777778 0.06354166666666666 0.13703703703703704
16 0.7135416666666666 0.7361111111111112 0.0359375 0.08148148148148149
16 0.7869791666666667 0.8018518518518518 0.021354166666666667 0.04537037037037037
16 0.8197916666666667 0.7962962962962963 0.0265625 0.05092592592592592
16 0.6723958333333333 0.7703703703703704 0.020833333333333332 0.058333333333333334
