16 0.6494791666666667 0.5953703703703703 0.14166666666666666 0.25277777777777777
16 0.3609375 0.525 0.10625 0.17962962962962964
16 0.5578125 0.4351851851851852 0.07604166666666666 0.1361111111111111
16 0.7541666666666667 0.29074074074074074 0.0421875 0.08425925925925926
16 0.9135416666666667 0.25555555555555554 0.06041666666666667 0.10185185185185185
16 0.8598958333333333 0.3212962962962963 0.06302083333333333 0.1361111111111111
16 0.7135416666666666 0.26296296296296295 0.035416666666666666 0.08055555555555556
16 0.7869791666666667 0.19722222222222222 0.020833333333333332 0.044444444444444446
16 0.8197916666666667 0.20277777777777778 0.026041666666666668 0.05
16 0.671875 0.22870370370370371 0.0203125 0.05740740740740741
