16 0.8744791666666667 0.46296296296296297 0.022916666666666665 0.04259259259259259
16 0.8578125 0.47962962962962963 0.017708333333333333 0.03888888888888889
16 0.8088541666666667 0.4935185185185185 0.019270833333333334 0.04351851851851852
16 0.715625 0.5055555555555555 0.020833333333333332 0.044444444444444446
16 0.35625 0.5074074074074074 0.018229166666666668 0.04259259259259259
16 0.5880208333333333 0.587037037037037 0.016666666666666666 0.03333333333333333
16 0.4817708333333333 0.6074074074074074 0.011979166666666667 0.028703703703703703
16 0.5072916666666667 0.612037037037037 0.0140625 0.03333333333333333
16 0.10625 0.5027777777777778 0.016666666666666666 0.044444444444444446
16 0.07864583333333333 0.49444444444444446 0.015104166666666667 0.03888888888888889
16 0.053125 0.4583333333333333 0.0171875 0.04259259259259259
