16 0.4638888888888889 0.12552083333333333 0.04259259259259259 0.022916666666666665
16 0.48055555555555557 0.1421875 0.03888888888888889 0.017708333333333333
16 0.49444444444444446 0.190625 0.04351851851851852 0.019270833333333334
16 0.5064814814814815 0.284375 0.044444444444444446 0.020833333333333332
16 0.5083333333333333 0.6432291666666666 0.04259259259259259 0.018229166666666668
16 0.5879629629629629 0.4119791666666667 0.03333333333333333 0.016666666666666666
16 0.6083333333333333 0.5177083333333333 0.028703703703703703 0.011979166666666667
16 0.6129629629629629 0.4921875 0.03333333333333333 0.0140625
16 0.5037037037037037 0.89375 0.044444444444444446 0.016666666666666666
16 0.49537037037037035 0.9208333333333333 0.03888888888888889 0.015104166666666667
16 0.45925925925925926 0.9463541666666667 0.04259259259259259 0.0171875
