16 0.865625 0.26851851851851855 0.0453125 0.11018518518518519
16 0.7010416666666667 0.37962962962962965 0.04114583333333333 0.09444444444444444
16 0.6604166666666667 0.5064814814814815 0.03697916666666667 0.08425925925925926
16 0.5307291666666667 0.5333333333333333 0.033854166666666664 0.09259259259259259
16 0.47552083333333334 0.49444444444444446 0.0359375 0.08333333333333333
16 0.5614583333333333 0.5814814814814815 0.023958333333333335 0.04259259259259259
16 0.5020833333333333 0.6592592592592592 0.027083333333333334 0.06018518518518518
16 0.5557291666666667 0.6796296296296296 0.023958333333333335 0.053703703703703705
16 0.3932291666666667 0.6731481481481482 0.0234375 0.05648148148148148
16 0.42864583333333334 0.6203703703703703 0.024479166666666666 0.04259259259259259
16 0.6619791666666667 0.6212962962962963 0.027083333333333334 0.06481481481481481
