16 0.26944444444444443 0.13385416666666666 0.11018518518518519 0.0453125
16 0.38055555555555554 0.2984375 0.09444444444444444 0.04114583333333333
16 0.5074074074074074 0.3390625 0.08425925925925926 0.03697916666666667
16 0.5342592592592592 0.46875 0.09259259259259259 0.033854166666666664
16 0.49537037037037035 0.5239583333333333 0.08333333333333333 0.0359375
16 0.5824074074074074 0.43854166666666666 0.04259259259259259 0.023958333333333335
16 0.6601851851851852 0.4979166666666667 0.06018518518518518 0.027083333333333334
16 0.6805555555555556 0.44427083333333334 0.053703703703703705 0.023958333333333335
16 0.674074074074074 0.60625 0.05648148148148148 0.0234375
16 0.6212962962962963 0.5708333333333333 0.04259259259259259 0.024479166666666666
16 0.6222222222222222 0.3380208333333333 0.06481481481481481 0.027083333333333334
