16 0.13385416666666666 0.7305555555555555 0.04479166666666667 0.10925925925925926
16 0.2984375 0.6194444444444445 0.040625 0.09351851851851851
16 0.3390625 0.4925925925925926 0.036458333333333336 0.08333333333333333
16 0.46875 0.46574074074074073 0.03333333333333333 0.09166666666666666
16 0.5239583333333333 0.5046296296296297 0.035416666666666666 0.0824074074074074
16 0.43802083333333336 0.41759259259259257 0.0234375 0.041666666666666664
16 0.4973958333333333 0.3398148148148148 0.0265625 0.05925925925925926
16 0.44375 0.3194444444444444 0.0234375 0.05277777777777778
16 0.60625 0.32592592592592595 0.022916666666666665 0.05555555555555555
16 0.5708333333333333 0.3787037037037037 0.023958333333333335 0.041666666666666664
16 0.3375 0.37777777777777777 0.0265625 0.06388888888888888
