16 0.49325337331334335 0.4666666666666667 0.047976011994003 0.13866666666666666
16 0.25337331334332835 0.5013333333333333 0.0704647676161919 0.17866666666666667
16 0.7991004497751124 0.49066666666666664 0.06446776611694154 0.15466666666666667
16 0.7331334332833583 0.4053333333333333 0.05997001499250375 0.14666666666666667
16 0.4017991004497751 0.368 0.046476761619190406 0.11466666666666667
16 0.431784107946027 0.27466666666666667 0.038980509745127435 0.10666666666666667
16 0.17691154422788605 0.25866666666666666 0.038980509745127435 0.09066666666666667
16 0.9625187406296851 0.2853333333333333 0.04047976011994003 0.112
16 0.7781109445277361 0.3253333333333333 0.035982008995502246 0.104
16 0.7616191904047976 0.21066666666666667 0.034482758620689655 0.10666666666666667
