16 0.49325337331334335 0.5306666666666666 0.049475262368815595 0.14133333333333334
16 0.25487256371814093 0.496 0.07196401799100449 0.18133333333333335
16 0.800599700149925 0.5066666666666667 0.06596701649175413 0.15733333333333333
16 0.7331334332833583 0.592 0.06146926536731634 0.14933333333333335
16 0.4032983508245877 0.6293333333333333 0.047976011994003 0.11733333333333333
16 0.431784107946027 0.7226666666666667 0.04047976011994003 0.10933333333333334
16 0.17691154422788605 0.7386666666666667 0.04047976011994003 0.09333333333333334
16 0.9640179910044977 0.712 0.041979010494752625 0.11466666666666667
16 0.7781109445277361 0.672 0.037481259370314844 0.10666666666666667
16 0.7631184407796102 0.7866666666666666 0.035982008995502246 0.10933333333333334
