16 0.40234375 0.1718377088305489 0.04736328125 0.10978520286396182
16 0.34619140625 0.053301511535401754 0.05615234375 0.10580747812251393
16 0.51171875 0.15194908512330946 0.05078125 0.12012728719172633
16 0.5888671875 0.057279236276849645 0.0517578125 0.11455847255369929
16 0.71142578125 0.10739856801909307 0.0419921875 0.11455847255369929
16 0.81201171875 0.13922036595067622 0.05029296875 0.12012728719172633
16 0.9443359375 0.09387430389817025 0.048828125 0.13046937151949084
16 0.9150390625 0.24423229912490055 0.04736328125 0.11137629276054097
16 0.6630859375 0.2211614956245028 0.04248046875 0.08671439936356404
16 0.37158203125 0.29832935560859186 0.04345703125 0.10103420843277645
16 0.7734375 0.3309466984884646 0.03857421875 0.08353221957040573
16 0.6337890625 0.3524264120922832 0.03515625 0.08512330946698489
16 0.076171875 0.27048528241845665 0.048828125 0.09069212410501193
16 0.8662109375 0.4614160700079554 0.03369140625 0.08512330946698489
