16 0.1357421875 0.7390029325513197 0.0693359375 0.13929618768328444
16 0.400390625 0.7639296187683284 0.0654296875 0.13049853372434017
16 0.4990234375 0.6378299120234604 0.0517578125 0.11730205278592376
16 0.3408203125 0.5733137829912024 0.0537109375 0.12756598240469208
16 0.0322265625 0.5395894428152492 0.044921875 0.10703812316715543
16 0.1220703125 0.5674486803519062 0.041015625 0.08357771260997067
16 0.23828125 0.5777126099706745 0.0478515625 0.09530791788856305
16 0.533203125 0.5043988269794721 0.0517578125 0.08944281524926687
16 0.162109375 0.4780058651026393 0.04296875 0.08064516129032258
16 0.7939453125 0.4750733137829912 0.0380859375 0.08064516129032258
