16 0.26099706744868034 0.13671875 0.14076246334310852 0.0703125
16 0.23607038123167157 0.4013671875 0.13196480938416422 0.06640625
16 0.3621700879765396 0.5 0.1187683284457478 0.052734375
16 0.42668621700879766 0.341796875 0.12903225806451613 0.0546875
16 0.4604105571847507 0.0322265625 0.10850439882697947 0.0458984375
16 0.43255131964809385 0.1220703125 0.08504398826979472 0.0419921875
16 0.4222873900293255 0.2392578125 0.0967741935483871 0.048828125
16 0.49560117302052786 0.5341796875 0.09090909090909091 0.052734375
16 0.5219941348973607 0.162109375 0.08211143695014662 0.0439453125
16 0.5249266862170088 0.794921875 0.08211143695014662 0.0390625
