16 0.46875 0.5183016105417276 0.140625 0.07613469985358712
16 0.515625 0.6090775988286969 0.119140625 0.06881405563689605
16 0.390625 0.30161054172767204 0.119140625 0.08052708638360176
16 0.478515625 0.37774524158125916 0.080078125 0.055636896046852125
16 0.451171875 0.03367496339677892 0.091796875 0.060029282576866766
16 0.47265625 0.1390922401171303 0.10546875 0.06881405563689605
16 0.48828125 0.2679355783308931 0.0703125 0.05417276720351391
16 0.49609375 0.32650073206442165 0.080078125 0.0527086383601757
16 0.546875 0.404099560761347 0.078125 0.05710102489019034
16 0.443359375 0.8096632503660323 0.130859375 0.05710102489019034
16 0.537109375 0.7701317715959004 0.1015625 0.06149341142020498
16 0.650390625 0.5095168374816984 0.068359375 0.043923865300146414
16 0.64453125 0.445095168374817 0.078125 0.04685212298682284
16 0.591796875 0.2767203513909224 0.064453125 0.04685212298682284
16 0.58984375 0.3440702781844802 0.08203125 0.055636896046852125
