16 0.4816983894582723 0.533203125 0.07613469985358712 0.140625
16 0.38945827232796487 0.484375 0.06881405563689605 0.119140625
16 0.6969253294289898 0.609375 0.08052708638360176 0.119140625
16 0.6222547584187409 0.521484375 0.055636896046852125 0.080078125
16 0.9648609077598829 0.548828125 0.060029282576866766 0.091796875
16 0.8594436310395315 0.529296875 0.06881405563689605 0.10546875
16 0.7306002928257687 0.513671875 0.05417276720351391 0.0703125
16 0.6734992679355783 0.50390625 0.0527086383601757 0.080078125
16 0.5944363103953147 0.455078125 0.05710102489019034 0.078125
16 0.18887262079062958 0.556640625 0.05710102489019034 0.130859375
16 0.22986822840409957 0.46484375 0.06149341142020498 0.1015625
16 0.4904831625183016 0.349609375 0.043923865300146414 0.068359375
16 0.554904831625183 0.357421875 0.04685212298682284 0.078125
16 0.7232796486090776 0.408203125 0.04685212298682284 0.064453125
16 0.6559297218155198 0.412109375 0.055636896046852125 0.08203125
