16 0.6661728395061728 0.7025925925925925 0.08444444444444445 0.18037037037037038
16 0.38641975308641974 0.6777777777777778 0.07407407407407407 0.16814814814814816
16 0.32098765432098764 0.5685185185185185 0.06074074074074074 0.13814814814814816
16 0.7622222222222222 0.5637037037037037 0.07407407407407407 0.10814814814814815
16 0.9446913580246914 0.6107407407407407 0.07061728395061728 0.1111111111111111
16 0.6523456790123456 0.45481481481481484 0.04962962962962963 0.12
16 0.07950617283950617 0.5388888888888889 0.06839506172839506 0.1362962962962963
16 0.8044444444444444 0.472962962962963 0.06172839506172839 0.09111111111111111
16 0.7162962962962963 0.35074074074074074 0.05185185185185185 0.0962962962962963
16 0.3558024691358025 0.4585185185185185 0.0674074074074074 0.10629629629629629
16 0.5101234567901235 0.46 0.06641975308641976 0.09925925925925926
