16 0.33358024691358024 0.7025925925925925 0.08419753086419753 0.18
16 0.6133333333333333 0.6774074074074075 0.07382716049382716 0.16777777777777778
16 0.6787654320987654 0.5685185185185185 0.06049382716049383 0.13777777777777778
16 0.23753086419753086 0.5633333333333334 0.07382716049382716 0.10777777777777778
16 0.05506172839506173 0.6103703703703703 0.07037037037037037 0.11074074074074074
16 0.3474074074074074 0.45444444444444443 0.04938271604938271 0.11962962962962963
16 0.9202469135802469 0.5385185185185185 0.06814814814814815 0.13592592592592592
16 0.19530864197530864 0.4725925925925926 0.061481481481481484 0.09074074074074075
16 0.2834567901234568 0.3503703703703704 0.051604938271604936 0.09592592592592593
16 0.6439506172839506 0.4585185185185185 0.0671604938271605 0.10592592592592592
16 0.48962962962962964 0.4596296296296296 0.06617283950617284 0.09888888888888889
