16 0.2974074074074074 0.33382716049382716 0.18037037037037038 0.08444444444444445
16 0.3225925925925926 0.6135802469135803 0.16814814814814816 0.07407407407407407
16 0.43148148148148147 0.6790123456790124 0.13814814814814816 0.06074074074074074
16 0.43666666666666665 0.23777777777777778 0.10814814814814815 0.07407407407407407
16 0.3896296296296296 0.055308641975308645 0.1111111111111111 0.07061728395061728
16 0.5455555555555556 0.3474074074074074 0.12 0.04962962962962963
16 0.4614814814814815 0.9202469135802469 0.1362962962962963 0.06839506172839506
16 0.5274074074074074 0.19555555555555557 0.09111111111111111 0.06172839506172839
16 0.6496296296296297 0.2837037037037037 0.0962962962962963 0.05185185185185185
16 0.5414814814814815 0.6439506172839506 0.10629629629629629 0.0674074074074074
16 0.5403703703703704 0.48962962962962964 0.09925925925925926 0.06641975308641976
