16 0.40677083333333336 0.7037037037037037 0.0484375 0.10648148148148148
16 0.2515625 0.5842592592592593 0.040625 0.08611111111111111
16 0.346875 0.5185185185185185 0.034375 0.08333333333333333
16 0.44635416666666666 0.4287037037037037 0.03177083333333333 0.07962962962962963
16 0.37604166666666666 0.43148148148148147 0.0328125 0.07685185185185185
16 0.5708333333333333 0.43148148148148147 0.0296875 0.0712962962962963
16 0.4479166666666667 0.5648148148148148 0.03333333333333333 0.08148148148148149
16 0.55625 0.3037037037037037 0.023958333333333335 0.04722222222222222
16 0.4979166666666667 0.29814814814814816 0.020833333333333332 0.05740740740740741
16 0.4822916666666667 0.37222222222222223 0.0265625 0.04259259259259259
16 0.6395833333333333 0.2898148148148148 0.0203125 0.05185185185185185
