16 0.2 0.25136612021857924 0.08363636363636363 0.17486338797814208
16 0.16727272727272727 0.43169398907103823 0.08363636363636363 0.18579234972677597
16 0.3563636363636364 0.5136612021857924 0.05454545454545454 0.16393442622950818
16 0.4909090909090909 0.5136612021857924 0.07272727272727272 0.12568306010928962
16 0.46545454545454545 0.12568306010928962 0.06181818181818182 0.15300546448087432
16 0.7854545454545454 0.09289617486338798 0.08363636363636363 0.16393442622950818
16 0.9127272727272727 0.31693989071038253 0.07272727272727272 0.16393442622950818
16 0.68 0.6010928961748634 0.07272727272727272 0.14754098360655737
16 0.16727272727272727 0.6830601092896175 0.06909090909090909 0.16393442622950818
16 0.2872727272727273 0.907103825136612 0.06181818181818182 0.12568306010928962
16 0.7672727272727272 0.8360655737704918 0.06909090909090909 0.1366120218579235
16 0.43636363636363634 0.8852459016393442 0.05090909090909091 0.15300546448087432
16 0.04727272727272727 0.7704918032786885 0.05454545454545454 0.14754098360655737
