16 0.2 0.7431693989071039 0.08 0.16939890710382513
16 0.16727272727272727 0.5628415300546448 0.08 0.18032786885245902
16 0.3563636363636364 0.4808743169398907 0.05090909090909091 0.15846994535519127
16 0.48727272727272725 0.4808743169398907 0.06909090909090909 0.12021857923497267
16 0.46545454545454545 0.8688524590163934 0.05818181818181818 0.14754098360655737
16 0.7854545454545454 0.9016393442622951 0.08 0.15846994535519127
16 0.9090909090909091 0.6775956284153005 0.06909090909090909 0.15846994535519127
16 0.6763636363636364 0.39344262295081966 0.06909090909090909 0.14207650273224043
16 0.16727272727272727 0.3114754098360656 0.06545454545454546 0.15846994535519127
16 0.2872727272727273 0.08743169398907104 0.05818181818181818 0.12021857923497267
16 0.7672727272727272 0.15846994535519127 0.06545454545454546 0.13114754098360656
16 0.43272727272727274 0.1092896174863388 0.04727272727272727 0.14754098360655737
16 0.04727272727272727 0.22404371584699453 0.05090909090909091 0.14207650273224043
