15 0.3772391991570074 0.6562009419152276 0.03477344573234984 0.07221350078492936
15 0.7049525816649105 0.6373626373626373 0.04320337197049526 0.061224489795918366
15 0.9125395152792413 0.6703296703296703 0.04320337197049526 0.08320251177394035
15 0.7713382507903056 0.31868131868131866 0.03582718651211802 0.06907378335949764
15 0.6807165437302424 0.18210361067503925 0.03477344573234984 0.05337519623233909
15 0.47629083245521603 0.20094191522762953 0.023182297154899896 0.05337519623233909
15 0.5553213909378293 0.41915227629513346 0.04214963119072708 0.07221350078492936
15 0.49631190727081137 0.6342229199372057 0.04214963119072708 0.08006279434850863
15 0.22655426765015807 0.26373626373626374 0.03161222339304531 0.058084772370486655
15 0.2328767123287671 0.15070643642072212 0.030558482613277135 0.05337519623233909
15 0.17597471022128555 0.11930926216640503 0.026343519494204427 0.058084772370486655
15 0.5753424657534246 0.06750392464678179 0.0273972602739726 0.04395604395604396
15 0.7776606954689147 0.4725274725274725 0.02845100105374078 0.058084772370486655
15 0.8967334035827187 0.5588697017268446 0.037934668071654375 0.07378335949764521
15 0.5353003161222339 0.6185243328100472 0.03582718651211802 0.06436420722135008
