15 0.6217070600632244 0.6546310832025117 0.03371970495258166 0.0706436420722135
15 0.2939936775553214 0.6373626373626373 0.04214963119072708 0.059654631083202514
15 0.08640674394099052 0.6703296703296703 0.04214963119072708 0.08163265306122448
15 0.22760800842992623 0.31711145996860285 0.03477344573234984 0.06750392464678179
15 0.31822971548998946 0.18053375196232338 0.03371970495258166 0.05180533751962323
15 0.5226554267650158 0.19937205651491366 0.022128556375131718 0.05180533751962323
15 0.44362486828240255 0.4175824175824176 0.0410958904109589 0.0706436420722135
15 0.5026343519494204 0.6342229199372057 0.0410958904109589 0.07849293563579278
15 0.7723919915700738 0.26373626373626374 0.030558482613277135 0.0565149136577708
15 0.7660695468914647 0.14913657770800628 0.029504741833508957 0.05180533751962323
15 0.8229715489989463 0.11930926216640503 0.02528977871443625 0.0565149136577708
15 0.42360379346680715 0.06593406593406594 0.026343519494204427 0.0423861852433281
15 0.22128556375131717 0.4725274725274725 0.0273972602739726 0.0565149136577708
15 0.10221285563751317 0.5588697017268446 0.0368809272918862 0.07221350078492936
15 0.4636459430979979 0.6185243328100472 0.03477344573234984 0.06279434850863422
