16 0.26746031746031745 0.8267195767195767 0.06666666666666667 0.15476190476190477
16 0.44206349206349205 0.7857142857142857 0.06428571428571428 0.12433862433862433
16 0.3626984126984127 0.7394179894179894 0.06428571428571428 0.11772486772486772
16 0.11428571428571428 0.8015873015873016 0.0873015873015873 0.13095238095238096
16 0.9412698412698413 0.8042328042328042 0.0626984126984127 0.13095238095238096
16 0.8753968253968254 0.6626984126984127 0.046031746031746035 0.10317460317460317
16 0.9547619047619048 0.6653439153439153 0.04206349206349207 0.08597883597883597
16 0.7547619047619047 0.06481481481481481 0.027777777777777776 0.056878306878306875
16 0.7 0.047619047619047616 0.02619047619047619 0.04497354497354497
16 0.6912698412698413 0.26455026455026454 0.027777777777777776 0.06481481481481481
16 0.638095238095238 0.27380952380952384 0.025396825396825397 0.05555555555555555
16 0.6571428571428571 0.09259259259259259 0.023809523809523808 0.05026455026455026
16 0.6238095238095238 0.08333333333333333 0.02142857142857143 0.05423280423280423
16 0.5642857142857143 0.28174603174603174 0.025396825396825397 0.04365079365079365
16 0.5888888888888889 0.10449735449735449 0.023015873015873017 0.04497354497354497
16 0.5452380952380952 0.1164021164021164 0.01904761904761905 0.05423280423280423
15 0.4984126984126984 0.2843915343915344 0.01904761904761905 0.05026455026455026
15 0.4928571428571429 0.14285714285714285 0.023809523809523808 0.05555555555555555
15 0.4507936507936508 0.10052910052910052 0.020634920634920634 0.03968253968253968
15 0.423015873015873 0.13756613756613756 0.01904761904761905 0.03571428571428571
