16 0.26746031746031745 0.17195767195767195 0.06746031746031746 0.15608465608465608
16 0.44285714285714284 0.21296296296296297 0.06507936507936508 0.12566137566137567
16 0.3634920634920635 0.25925925925925924 0.06507936507936508 0.11904761904761904
16 0.11428571428571428 0.1970899470899471 0.0880952380952381 0.13227513227513227
16 0.942063492063492 0.19444444444444445 0.06349206349206349 0.13227513227513227
16 0.8753968253968254 0.335978835978836 0.046825396825396826 0.10449735449735449
16 0.9555555555555556 0.3333333333333333 0.04285714285714286 0.0873015873015873
16 0.7555555555555555 0.9338624338624338 0.02857142857142857 0.0582010582010582
16 0.7007936507936507 0.951058201058201 0.026984126984126985 0.046296296296296294
16 0.692063492063492 0.7341269841269841 0.02857142857142857 0.06613756613756613
16 0.638095238095238 0.7248677248677249 0.02619047619047619 0.056878306878306875
16 0.6571428571428571 0.906084656084656 0.024603174603174603 0.051587301587301584
16 0.6246031746031746 0.9153439153439153 0.022222222222222223 0.05555555555555555
16 0.5642857142857143 0.716931216931217 0.02619047619047619 0.04497354497354497
16 0.5896825396825397 0.8941798941798942 0.023809523809523808 0.046296296296296294
16 0.5452380952380952 0.8822751322751323 0.01984126984126984 0.05555555555555555
15 0.4984126984126984 0.7142857142857143 0.01984126984126984 0.051587301587301584
15 0.4928571428571429 0.8558201058201058 0.024603174603174603 0.056878306878306875
15 0.4507936507936508 0.8981481481481481 0.02142857142857143 0.041005291005291
15 0.423015873015873 0.8611111111111112 0.01984126984126984 0.037037037037037035
