16 0.5258333333333334 0.2751842751842752 0.055 0.10196560196560196
16 0.5908333333333333 0.4520884520884521 0.0775 0.1339066339066339
16 0.3408333333333333 0.4201474201474201 0.0775 0.10196560196560196
16 0.23916666666666667 0.28255528255528256 0.041666666666666664 0.06265356265356266
16 0.5191666666666667 0.7137592137592138 0.0825 0.13636363636363635
16 0.3925 0.6941031941031941 0.09416666666666666 0.1683046683046683
16 0.15916666666666668 0.25552825552825553 0.045 0.05773955773955774
15 0.25666666666666665 0.5393120393120393 0.0875 0.13636363636363635
15 0.05333333333333334 0.6240786240786241 0.10166666666666667 0.19533169533169534
15 0.16 0.5085995085995086 0.07916666666666666 0.14619164619164618
15 0.43583333333333335 0.5135135135135135 0.0875 0.14127764127764128
15 0.3958333333333333 0.371007371007371 0.0575 0.0945945945945946
15 0.22 0.33906633906633904 0.0575 0.07248157248157248
