16 0.956081081081081 0.16470588235294117 0.08108108108108109 0.1411764705882353
16 0.831081081081081 0.2 0.07432432432432433 0.15294117647058825
16 0.6418918918918919 0.27058823529411763 0.06418918918918919 0.15294117647058825
16 0.5304054054054054 0.21176470588235294 0.05405405405405406 0.12352941176470589
16 0.4864864864864865 0.40588235294117647 0.05405405405405406 0.1411764705882353
16 0.40878378378378377 0.2 0.07432432432432433 0.15294117647058825
16 0.25675675675675674 0.28823529411764703 0.06418918918918919 0.15294117647058825
16 0.23986486486486486 0.06470588235294118 0.07432432432432433 0.13529411764705881
16 0.10810810810810811 0.2823529411764706 0.05405405405405406 0.1411764705882353
16 0.0777027027027027 0.07058823529411765 0.08108108108108109 0.14705882352941177
16 0.21283783783783783 0.5058823529411764 0.07094594594594594 0.1411764705882353
16 0.3952702702702703 0.5352941176470588 0.057432432432432436 0.1411764705882353
16 0.08783783783783784 0.5176470588235295 0.06418918918918919 0.15294117647058825
16 0.5709459459459459 0.5294117647058824 0.07094594594594594 0.1411764705882353
16 0.6790540540540541 0.5 0.07094594594594594 0.13529411764705881
16 0.7837837837837838 0.45294117647058824 0.06418918918918919 0.11764705882352941
16 0.9121621621621622 0.5823529411764706 0.08108108108108109 0.1411764705882353
16 0.777027027027027 0.7176470588235294 0.06418918918918919 0.12352941176470589
16 0.6756756756756757 0.7352941176470589 0.06418918918918919 0.11764705882352941
16 0.527027027027027 0.8058823529411765 0.06418918918918919 0.10588235294117647
16 0.375 0.8 0.057432432432432436 0.1411764705882353
16 0.30405405405405406 0.6823529411764706 0.0472972972972973 0.15294117647058825
16 0.1858108108108108 0.7294117647058823 0.057432432432432436 0.13529411764705881
16 0.037162162162162164 0.7470588235294118 0.05405405405405406 0.13529411764705881
16 0.9527027027027027 0.8764705882352941 0.07432432432432433 0.13529411764705881
16 0.7668918918918919 0.8529411764705882 0.05405405405405406 0.11764705882352941
16 0.6858108108108109 0.9 0.06418918918918919 0.13529411764705881
16 0.34797297297297297 0.9470588235294117 0.0472972972972973 0.08823529411764706
16 0.20945945945945946 0.8823529411764706 0.05405405405405406 0.13529411764705881
16 0.08108108108108109 0.9470588235294117 0.05405405405405406 0.08823529411764706
