16 0.04054054054054054 0.8294117647058824 0.0777027027027027 0.13529411764705881
16 0.16554054054054054 0.7941176470588235 0.07094594594594594 0.14705882352941177
16 0.3547297297297297 0.7235294117647059 0.060810810810810814 0.14705882352941177
16 0.46621621621621623 0.7823529411764706 0.05067567567567568 0.11764705882352941
16 0.5101351351351351 0.5882352941176471 0.05067567567567568 0.13529411764705881
16 0.5878378378378378 0.7941176470588235 0.07094594594594594 0.14705882352941177
16 0.7398648648648649 0.7058823529411765 0.060810810810810814 0.14705882352941177
16 0.7567567567567568 0.9294117647058824 0.07094594594594594 0.12941176470588237
16 0.8885135135135135 0.711764705882353 0.05067567567567568 0.13529411764705881
16 0.918918918918919 0.9235294117647059 0.0777027027027027 0.14705882352941177
16 0.7837837837837838 0.48823529411764705 0.06756756756756757 0.13529411764705881
16 0.6013513513513513 0.4588235294117647 0.05405405405405406 0.13529411764705881
16 0.9087837837837838 0.4764705882352941 0.060810810810810814 0.14705882352941177
16 0.42567567567567566 0.4647058823529412 0.06756756756756757 0.13529411764705881
16 0.31756756756756754 0.49411764705882355 0.06756756756756757 0.12941176470588237
16 0.21283783783783783 0.5411764705882353 0.060810810810810814 0.11176470588235295
16 0.08445945945945946 0.4117647058823529 0.0777027027027027 0.13529411764705881
16 0.2195945945945946 0.27647058823529413 0.060810810810810814 0.11764705882352941
16 0.32094594594594594 0.25882352941176473 0.060810810810810814 0.11176470588235295
16 0.46959459459459457 0.18823529411764706 0.060810810810810814 0.1
16 0.6216216216216216 0.19411764705882353 0.05405405405405406 0.13529411764705881
16 0.6925675675675675 0.31176470588235294 0.04391891891891892 0.14705882352941177
16 0.8108108108108109 0.2647058823529412 0.05405405405405406 0.12941176470588237
16 0.9594594594594594 0.24705882352941178 0.05067567567567568 0.12941176470588237
16 0.04391891891891892 0.11764705882352941 0.07094594594594594 0.12941176470588237
16 0.22972972972972974 0.1411764705882353 0.05067567567567568 0.11176470588235295
16 0.3108108108108108 0.09411764705882353 0.060810810810810814 0.12941176470588237
16 0.6486486486486487 0.047058823529411764 0.04391891891891892 0.08235294117647059
16 0.7871621621621622 0.11176470588235295 0.05067567567567568 0.12941176470588237
16 0.9155405405405406 0.047058823529411764 0.05067567567567568 0.08235294117647059
