16 0.17058823529411765 0.04391891891891892 0.1411764705882353 0.08108108108108109
16 0.20588235294117646 0.16891891891891891 0.15294117647058825 0.07432432432432433
16 0.27647058823529413 0.3547297297297297 0.15294117647058825 0.06418918918918919
16 0.21764705882352942 0.46959459459459457 0.12352941176470589 0.05405405405405406
16 0.4117647058823529 0.5135135135135135 0.1411764705882353 0.05405405405405406
16 0.20588235294117646 0.5912162162162162 0.15294117647058825 0.07432432432432433
16 0.29411764705882354 0.7398648648648649 0.15294117647058825 0.06418918918918919
16 0.07058823529411765 0.7601351351351351 0.13529411764705881 0.07432432432432433
16 0.28823529411764703 0.8918918918918919 0.1411764705882353 0.05405405405405406
16 0.07647058823529412 0.9222972972972973 0.14705882352941177 0.08108108108108109
16 0.5117647058823529 0.7837837837837838 0.1411764705882353 0.07094594594594594
16 0.5411764705882353 0.6013513513513513 0.1411764705882353 0.057432432432432436
16 0.5235294117647059 0.9087837837837838 0.15294117647058825 0.06418918918918919
16 0.5352941176470588 0.42567567567567566 0.1411764705882353 0.07094594594594594
16 0.5058823529411764 0.31756756756756754 0.13529411764705881 0.07094594594594594
16 0.4588235294117647 0.21283783783783783 0.11764705882352941 0.06418918918918919
16 0.5882352941176471 0.08783783783783784 0.1411764705882353 0.08108108108108109
16 0.7235294117647059 0.2195945945945946 0.12352941176470589 0.06418918918918919
16 0.7411764705882353 0.32094594594594594 0.11764705882352941 0.06418918918918919
16 0.8117647058823529 0.46959459459459457 0.10588235294117647 0.06418918918918919
16 0.8058823529411765 0.6216216216216216 0.1411764705882353 0.057432432432432436
16 0.6882352941176471 0.6959459459459459 0.15294117647058825 0.0472972972972973
16 0.7352941176470589 0.8108108108108109 0.13529411764705881 0.057432432432432436
16 0.7529411764705882 0.9628378378378378 0.13529411764705881 0.05405405405405406
16 0.8823529411764706 0.0472972972972973 0.13529411764705881 0.07432432432432433
16 0.8588235294117647 0.23310810810810811 0.11764705882352941 0.05405405405405406
16 0.9058823529411765 0.3108108108108108 0.13529411764705881 0.06418918918918919
16 0.9529411764705882 0.652027027027027 0.08823529411764706 0.0472972972972973
16 0.888235294117647 0.7905405405405406 0.13529411764705881 0.05405405405405406
16 0.9529411764705882 0.918918918918919 0.08823529411764706 0.05405405405405406
