16 0.06527590847913863 0.7505030181086519 0.05787348586810229 0.11066398390342053
16 0.22207267833109018 0.7826961770623743 0.04508748317631225 0.09959758551307847
16 0.47442799461641993 0.7917505030181087 0.05787348586810229 0.1096579476861167
16 0.6258411843876177 0.8631790744466801 0.05047106325706595 0.11167002012072434
16 0.6796769851951547 0.8028169014084507 0.05450874831763122 0.11368209255533199
16 0.7927321668909825 0.829979879275654 0.05720053835800808 0.11368209255533199
16 0.8371467025572006 0.7816901408450704 0.04306864064602961 0.09859154929577464
16 0.9259757738896366 0.9175050301810865 0.06527590847913863 0.12374245472837023
16 0.6258411843876177 0.7112676056338029 0.0531628532974428 0.08953722334004025
16 0.21467025572005383 0.6891348088531187 0.06527590847913863 0.0875251509054326
16 0.1541049798115747 0.7152917505030181 0.0531628532974428 0.09758551307847083
16 0.29071332436069985 0.6730382293762576 0.04104979811574697 0.09154929577464789
16 0.10767160161507403 0.6539235412474849 0.04374158815612382 0.07545271629778671
