16 0.24949698189134809 0.06527590847913863 0.11167002012072434 0.058546433378196504
16 0.21730382293762576 0.22274562584118437 0.1006036217303823 0.04576043068640646
16 0.20824949698189135 0.47442799461641993 0.11066398390342053 0.058546433378196504
16 0.13682092555331993 0.626514131897712 0.11267605633802817 0.05114401076716016
16 0.19718309859154928 0.680349932705249 0.11468812877263582 0.05518169582772544
16 0.17002012072434608 0.7934051144010767 0.11468812877263582 0.05787348586810229
16 0.21830985915492956 0.8371467025572006 0.09959758551307847 0.04374158815612382
16 0.08249496981891348 0.9266487213997309 0.12474849094567404 0.06594885598923284
16 0.2887323943661972 0.626514131897712 0.09054325955734406 0.05383580080753701
16 0.31086519114688127 0.21534320323014805 0.08853118712273642 0.06594885598923284
16 0.28470824949698187 0.15477792732166892 0.09859154929577464 0.05383580080753701
16 0.32696177062374243 0.2913862718707941 0.0925553319919517 0.04172274562584118
16 0.3460764587525151 0.10834454912516824 0.07645875251509054 0.04441453566621804
