16 0.9340511440107672 0.24849094567404426 0.058546433378196504 0.11167002012072434
16 0.7772543741588156 0.21629778672032193 0.04576043068640646 0.1006036217303823
16 0.5248990578734859 0.20724346076458752 0.058546433378196504 0.11066398390342053
16 0.373485868102288 0.1358148893360161 0.05114401076716016 0.11267605633802817
16 0.319650067294751 0.19617706237424548 0.05518169582772544 0.11468812877263582
16 0.20659488559892328 0.16901408450704225 0.05787348586810229 0.11468812877263582
16 0.16218034993270525 0.21730382293762576 0.04374158815612382 0.09959758551307847
16 0.07335127860026917 0.08148893360160966 0.06594885598923284 0.12474849094567404
16 0.373485868102288 0.28772635814889336 0.05383580080753701 0.09054325955734406
16 0.784656796769852 0.30985915492957744 0.06594885598923284 0.08853118712273642
16 0.845222072678331 0.2837022132796781 0.05383580080753701 0.09859154929577464
16 0.7086137281292059 0.32595573440643866 0.04172274562584118 0.0925553319919517
16 0.8916554508748318 0.34507042253521125 0.04441453566621804 0.07645875251509054
