15 0.6942148760330579 0.8421588594704684 0.0674931129476584 0.04073319755600815
15 0.6556473829201102 0.7586558044806517 0.06060606060606061 0.03767820773930754
15 0.6143250688705234 0.3136456211812627 0.081267217630854 0.04989816700610998
15 0.25895316804407714 0.6415478615071283 0.11432506887052342 0.06822810590631365
16 0.359504132231405 0.594704684317719 0.09090909090909091 0.04989816700610998
16 0.5330578512396694 0.6843177189409368 0.08539944903581267 0.03971486761710794
16 0.5647382920110193 0.7820773930753564 0.07024793388429752 0.031568228105906315
16 0.4738292011019284 0.8981670061099797 0.08402203856749312 0.05295315682281059
16 0.6432506887052342 0.23116089613034624 0.07162534435261708 0.04073319755600815
16 0.6942148760330579 0.2953156822810591 0.05785123966942149 0.028513238289205704
16 0.6707988980716253 0.18431771894093688 0.0743801652892562 0.04684317718940937
