15 0.8421588594704684 0.6928374655647382 0.04073319755600815 0.0674931129476584
15 0.7586558044806517 0.6542699724517906 0.03767820773930754 0.06060606060606061
15 0.3136456211812627 0.6129476584022039 0.04989816700610998 0.081267217630854
15 0.6415478615071283 0.25757575757575757 0.06822810590631365 0.11432506887052342
16 0.594704684317719 0.3581267217630854 0.04989816700610998 0.09090909090909091
16 0.6843177189409368 0.5316804407713499 0.03971486761710794 0.08539944903581267
16 0.7820773930753564 0.5633608815426997 0.031568228105906315 0.07024793388429752
16 0.8981670061099797 0.4724517906336088 0.05295315682281059 0.08402203856749312
16 0.23116089613034624 0.6418732782369146 0.04073319755600815 0.07162534435261708
16 0.2953156822810591 0.6928374655647382 0.028513238289205704 0.05785123966942149
16 0.18431771894093688 0.6694214876033058 0.04684317718940937 0.0743801652892562
