15 0.2444794952681388 0.41371158392434987 0.11987381703470032 0.20803782505910165
15 0.46214511041009465 0.4231678486997636 0.06466876971608833 0.14657210401891252
15 0.9211356466876972 0.5791962174940898 0.11356466876971609 0.24822695035460993
15 0.861198738170347 0.4066193853427896 0.05362776025236593 0.10401891252955082
15 0.6451104100946372 0.32860520094562645 0.04258675078864353 0.1016548463356974
15 0.526813880126183 0.35697399527186763 0.05362776025236593 0.1111111111111111
15 0.38958990536277605 0.35933806146572106 0.05993690851735016 0.11347517730496454
15 0.3186119873817035 0.25295508274231676 0.0583596214511041 0.10874704491725769
15 0.15930599369085174 0.19148936170212766 0.0583596214511041 0.09929078014184398
15 0.4116719242902208 0.2222222222222222 0.0473186119873817 0.07801418439716312
15 0.8722397476340694 0.2695035460992908 0.031545741324921134 0.07092198581560284
15 0.804416403785489 0.24113475177304963 0.031545741324921134 0.061465721040189124
15 0.47003154574132494 0.1607565011820331 0.025236593059936908 0.054373522458628844
15 0.5283911671924291 0.1773049645390071 0.026813880126182965 0.0591016548463357
15 0.5457413249211357 0.2576832151300236 0.04416403785488959 0.09456264775413711
15 0.23817034700315456 0.21513002364066194 0.04258675078864353 0.08983451536643026
15 0.6577287066246057 0.16312056737588654 0.02050473186119874 0.04018912529550828
15 0.6766561514195584 0.22458628841607564 0.026813880126182965 0.04964539007092199
15 0.583596214511041 0.19858156028368795 0.02050473186119874 0.03546099290780142
