15 0.7539432176656151 0.41371158392434987 0.12145110410094637 0.21040189125295508
15 0.5362776025236593 0.4231678486997636 0.06624605678233439 0.14893617021276595
15 0.07728706624605679 0.5815602836879432 0.11514195583596215 0.25059101654846333
15 0.13722397476340695 0.4066193853427896 0.055205047318611984 0.10638297872340426
15 0.35331230283911674 0.3309692671394799 0.04416403785488959 0.10401891252955082
15 0.471608832807571 0.35933806146572106 0.055205047318611984 0.11347517730496454
15 0.6088328075709779 0.35933806146572106 0.061514195583596214 0.11583924349881797
15 0.6798107255520505 0.25295508274231676 0.05993690851735016 0.1111111111111111
15 0.8391167192429022 0.19148936170212766 0.05993690851735016 0.1016548463356974
15 0.5867507886435331 0.22458628841607564 0.04889589905362776 0.08037825059101655
15 0.12618296529968454 0.2695035460992908 0.033123028391167195 0.07328605200945626
15 0.19400630914826497 0.24113475177304963 0.033123028391167195 0.06382978723404255
15 0.5283911671924291 0.16312056737588654 0.026813880126182965 0.05673758865248227
15 0.47003154574132494 0.17966903073286053 0.028391167192429023 0.061465721040189124
15 0.4526813880126183 0.2576832151300236 0.04574132492113565 0.09692671394799054
15 0.7602523659305994 0.21513002364066194 0.04416403785488959 0.09219858156028368
15 0.34069400630914826 0.16548463356973994 0.022082018927444796 0.0425531914893617
15 0.3217665615141956 0.22695035460992907 0.028391167192429023 0.05200945626477541
15 0.4148264984227129 0.20094562647754138 0.022082018927444796 0.037825059101654845
