15 0.5839243498817966 0.2444794952681388 0.21040189125295508 0.12145110410094637
15 0.574468085106383 0.4637223974763407 0.14893617021276595 0.06624605678233439
15 0.41843971631205673 0.9211356466876972 0.25059101654846333 0.11514195583596215
15 0.5910165484633569 0.861198738170347 0.10638297872340426 0.055205047318611984
15 0.6690307328605201 0.6466876971608833 0.10401891252955082 0.04416403785488959
15 0.640661938534279 0.526813880126183 0.11347517730496454 0.055205047318611984
15 0.6382978723404256 0.38958990536277605 0.11583924349881797 0.061514195583596214
15 0.7446808510638298 0.32018927444794953 0.1111111111111111 0.05993690851735016
15 0.806146572104019 0.1608832807570978 0.1016548463356974 0.05993690851735016
15 0.7754137115839244 0.4116719242902208 0.08037825059101655 0.04889589905362776
15 0.7281323877068558 0.8722397476340694 0.07328605200945626 0.033123028391167195
15 0.7565011820330969 0.804416403785489 0.06382978723404255 0.033123028391167195
15 0.8368794326241135 0.47003154574132494 0.05673758865248227 0.026813880126182965
15 0.8203309692671394 0.5299684542586751 0.061465721040189124 0.028391167192429023
15 0.7399527186761229 0.5457413249211357 0.09692671394799054 0.04574132492113565
15 0.7825059101654847 0.23974763406940064 0.09219858156028368 0.04416403785488959
15 0.83451536643026 0.6593059936908517 0.0425531914893617 0.022082018927444796
15 0.7730496453900709 0.6782334384858044 0.05200945626477541 0.028391167192429023
15 0.7990543735224587 0.5851735015772871 0.037825059101654845 0.022082018927444796
