16 0.30357142857142855 0.6862745098039216 0.031746031746031744 0.11764705882352941
16 0.07539682539682539 0.4387254901960784 0.0882936507936508 0.19607843137254902
16 0.09126984126984126 0.6740196078431373 0.050595238095238096 0.12009803921568628
16 0.37896825396825395 0.6715686274509803 0.030753968253968252 0.08088235294117647
16 0.5972222222222222 0.3480392156862745 0.047619047619047616 0.13970588235294118
16 0.6656746031746031 0.38480392156862747 0.040674603174603176 0.12009803921568628
16 0.375 0.4485294117647059 0.06746031746031746 0.14215686274509803
16 0.2767857142857143 0.5049019607843137 0.03571428571428571 0.1323529411764706
16 0.13392857142857142 0.4950980392156863 0.03571428571428571 0.12009803921568628
16 0.2013888888888889 0.5980392156862745 0.054563492063492064 0.1053921568627451
16 0.42757936507936506 0.6421568627450981 0.030753968253968252 0.0784313725490196
16 0.7976190476190477 0.5686274509803921 0.030753968253968252 0.06862745098039216
16 0.6498015873015873 0.6102941176470589 0.020833333333333332 0.0784313725490196
16 0.7043650793650794 0.45588235294117646 0.034722222222222224 0.12990196078431374
16 0.4375 0.7745098039215687 0.03571428571428571 0.08823529411764706
16 0.5505952380952381 0.7598039215686274 0.0248015873015873 0.06372549019607843
16 0.501984126984127 0.44362745098039214 0.07539682539682539 0.20588235294117646
16 0.35615079365079366 0.16666666666666666 0.07936507936507936 0.22303921568627452
