16 0.6954365079365079 0.3112745098039216 0.030753968253968252 0.11519607843137254
16 0.9236111111111112 0.5588235294117647 0.0873015873015873 0.19362745098039216
16 0.9077380952380952 0.3235294117647059 0.0496031746031746 0.11764705882352941
16 0.6200396825396826 0.32598039215686275 0.02976190476190476 0.0784313725490196
16 0.4017857142857143 0.6495098039215687 0.04662698412698413 0.13725490196078433
16 0.3333333333333333 0.6127450980392157 0.03968253968253968 0.11764705882352941
16 0.6240079365079365 0.5490196078431373 0.06646825396825397 0.13970588235294118
16 0.7222222222222222 0.49264705882352944 0.034722222222222224 0.12990196078431374
16 0.8650793650793651 0.5024509803921569 0.034722222222222224 0.11764705882352941
16 0.7976190476190477 0.39950980392156865 0.05357142857142857 0.10294117647058823
16 0.5714285714285714 0.3553921568627451 0.02976190476190476 0.07598039215686274
16 0.2013888888888889 0.42892156862745096 0.02976190476190476 0.0661764705882353
16 0.3492063492063492 0.3872549019607843 0.01984126984126984 0.07598039215686274
16 0.29464285714285715 0.5416666666666666 0.03373015873015873 0.12745098039215685
16 0.5615079365079365 0.22303921568627452 0.034722222222222224 0.0857843137254902
16 0.44841269841269843 0.23774509803921567 0.023809523809523808 0.061274509803921566
16 0.49702380952380953 0.553921568627451 0.0744047619047619 0.2034313725490196
16 0.6428571428571429 0.8308823529411765 0.07837301587301587 0.22058823529411764
