15 0.31420765027322406 0.412568306010929 0.1598360655737705 0.07741347905282331
15 0.273224043715847 0.5045537340619308 0.17486338797814208 0.07832422586520947
15 0.38524590163934425 0.6703096539162113 0.15846994535519127 0.07377049180327869
15 0.5491803278688525 0.5346083788706739 0.1557377049180328 0.08469945355191257
15 0.6161202185792349 0.3069216757741348 0.1366120218579235 0.06648451730418943
15 0.5724043715846995 0.09289617486338798 0.13934426229508196 0.07650273224043716
15 0.43579234972677594 0.040983606557377046 0.16939890710382513 0.07741347905282331
15 0.3073770491803279 0.8351548269581056 0.13934426229508196 0.07832422586520947
15 0.569672131147541 0.7240437158469946 0.14344262295081966 0.07103825136612021
15 0.5846994535519126 0.9171220400728597 0.1489071038251366 0.06375227686703097
15 0.662568306010929 0.848816029143898 0.12568306010928962 0.0610200364298725
15 0.7281420765027322 0.558287795992714 0.1325136612021858 0.06375227686703097
15 0.7103825136612022 0.40437158469945356 0.12568306010928962 0.07103825136612021
15 0.7349726775956285 0.1575591985428051 0.13524590163934427 0.06466302367941712
15 0.8265027322404371 0.07650273224043716 0.12295081967213115 0.06284153005464481
15 0.819672131147541 0.785063752276867 0.1284153005464481 0.052823315118397086
