15 0.5865209471766849 0.6857923497267759 0.07741347905282331 0.1598360655737705
15 0.49544626593806923 0.7281420765027322 0.07832422586520947 0.17486338797814208
15 0.32877959927140255 0.6161202185792349 0.07377049180327869 0.15846994535519127
15 0.4644808743169399 0.4521857923497268 0.08469945355191257 0.1557377049180328
15 0.692167577413479 0.38524590163934425 0.06648451730418943 0.1366120218579235
15 0.907103825136612 0.42896174863387976 0.07650273224043716 0.13934426229508196
15 0.9581056466302368 0.5655737704918032 0.07741347905282331 0.16939890710382513
15 0.16484517304189436 0.6939890710382514 0.07832422586520947 0.13934426229508196
15 0.27595628415300544 0.430327868852459 0.07103825136612021 0.14344262295081966
15 0.08287795992714025 0.41530054644808745 0.06375227686703097 0.1489071038251366
15 0.15027322404371585 0.33879781420765026 0.0610200364298725 0.12568306010928962
15 0.44171220400728595 0.2718579234972678 0.06375227686703097 0.1325136612021858
15 0.5956284153005464 0.29098360655737704 0.07103825136612021 0.12568306010928962
15 0.8415300546448088 0.2650273224043716 0.06466302367941712 0.13524590163934427
15 0.9225865209471766 0.17486338797814208 0.06284153005464481 0.12295081967213115
15 0.21493624772313297 0.18169398907103826 0.052823315118397086 0.1284153005464481
