15 0.412568306010929 0.6857923497267759 0.07650273224043716 0.15846994535519127
15 0.5036429872495446 0.726775956284153 0.07741347905282331 0.17349726775956284
15 0.6703096539162113 0.6147540983606558 0.07285974499089254 0.15710382513661203
15 0.5346083788706739 0.45081967213114754 0.08378870673952642 0.15437158469945356
15 0.3069216757741348 0.383879781420765 0.06557377049180328 0.13524590163934427
15 0.09198542805100182 0.4275956284153005 0.075591985428051 0.13797814207650272
15 0.040983606557377046 0.5642076502732241 0.07650273224043716 0.1680327868852459
15 0.8342440801457195 0.6926229508196722 0.07741347905282331 0.13797814207650272
15 0.7231329690346083 0.430327868852459 0.07012750455373407 0.14207650273224043
15 0.9162112932604736 0.41530054644808745 0.06284153005464481 0.14754098360655737
15 0.848816029143898 0.337431693989071 0.060109289617486336 0.12431693989071038
15 0.5573770491803278 0.2718579234972678 0.06284153005464481 0.13114754098360656
15 0.4034608378870674 0.2896174863387978 0.07012750455373407 0.12431693989071038
15 0.1575591985428051 0.2650273224043716 0.06375227686703097 0.13387978142076504
15 0.07650273224043716 0.17349726775956284 0.061930783242258654 0.12158469945355191
15 0.7841530054644809 0.18032786885245902 0.05191256830601093 0.12704918032786885
