16 0.4766666666666667 0.7533333333333333 0.058888888888888886 0.13166666666666665
16 0.54 0.91 0.07777777777777778 0.18
16 0.0811111111111111 0.54 0.06111111111111111 0.13
16 0.4066666666666667 0.4533333333333333 0.07 0.125
16 0.5544444444444444 0.4033333333333333 0.06333333333333334 0.11666666666666667
16 0.8411111111111111 0.89 0.07555555555555556 0.13166666666666665
16 0.9633333333333334 0.7466666666666667 0.07111111111111111 0.12666666666666668
16 0.7733333333333333 0.33666666666666667 0.05555555555555555 0.125
16 0.12 0.8483333333333334 0.06111111111111111 0.10166666666666667
16 0.17444444444444446 0.39666666666666667 0.058888888888888886 0.105
16 0.30333333333333334 0.24666666666666667 0.057777777777777775 0.10666666666666667
16 0.5033333333333333 0.25833333333333336 0.05 0.12166666666666667
16 0.92 0.18833333333333332 0.052222222222222225 0.08666666666666667
16 0.7411111111111112 0.05333333333333334 0.042222222222222223 0.09666666666666666
