16 0.24666666666666667 0.4777777777777778 0.13333333333333333 0.06
16 0.09166666666666666 0.54 0.18 0.07888888888888888
16 0.46 0.08222222222222222 0.13166666666666665 0.06222222222222222
16 0.5466666666666666 0.4077777777777778 0.12666666666666668 0.07111111111111111
16 0.5966666666666667 0.5555555555555556 0.11833333333333333 0.06444444444444444
16 0.11 0.8411111111111111 0.13333333333333333 0.07666666666666666
16 0.25333333333333335 0.9633333333333334 0.12833333333333333 0.07222222222222222
16 0.6633333333333333 0.7733333333333333 0.12666666666666668 0.056666666666666664
16 0.15166666666666667 0.12111111111111111 0.10333333333333333 0.06222222222222222
16 0.6033333333333334 0.17555555555555555 0.10666666666666667 0.06
16 0.7533333333333333 0.30333333333333334 0.10833333333333334 0.058888888888888886
16 0.7416666666666667 0.5044444444444445 0.12333333333333334 0.051111111111111114
16 0.8116666666666666 0.9211111111111111 0.08833333333333333 0.05333333333333334
16 0.9466666666666667 0.7411111111111112 0.09833333333333333 0.043333333333333335
