16 0.5222222222222223 0.755 0.06 0.13333333333333333
16 0.4588888888888889 0.91 0.07888888888888888 0.18
16 0.9177777777777778 0.54 0.06222222222222222 0.13166666666666665
16 0.5922222222222222 0.455 0.07111111111111111 0.12666666666666668
16 0.4444444444444444 0.4033333333333333 0.06444444444444444 0.11833333333333333
16 0.15777777777777777 0.8916666666666667 0.07666666666666666 0.13333333333333333
16 0.035555555555555556 0.7466666666666667 0.07222222222222222 0.12833333333333333
16 0.22555555555555556 0.3383333333333333 0.056666666666666664 0.12666666666666668
16 0.8788888888888889 0.85 0.06222222222222222 0.10333333333333333
16 0.8244444444444444 0.3983333333333333 0.06 0.10666666666666667
16 0.6955555555555556 0.24666666666666667 0.058888888888888886 0.10833333333333334
16 0.4955555555555556 0.26 0.051111111111111114 0.12333333333333334
16 0.07888888888888888 0.18833333333333332 0.05333333333333334 0.08833333333333333
16 0.2577777777777778 0.05333333333333334 0.043333333333333335 0.09833333333333333
