16 0.74375 0.5880208333333333 0.11953125 0.24895833333333334
16 0.873046875 0.2890625 0.087109375 0.1484375
16 0.80078125 0.0734375 0.0515625 0.10052083333333334
16 0.615625 0.21197916666666666 0.06953125 0.16197916666666667
16 0.7234375 0.38333333333333336 0.084765625 0.14322916666666666
16 0.21640625 0.37552083333333336 0.0828125 0.16302083333333334
16 0.133203125 0.2859375 0.068359375 0.1203125
16 0.28046875 0.240625 0.050390625 0.11041666666666666
16 0.408203125 0.17447916666666666 0.051953125 0.10572916666666667
16 0.0375 0.2234375 0.0546875 0.1015625
15 0.426171875 0.5322916666666667 0.12265625 0.23958333333333334
