16 0.255859375 0.5875 0.119140625 0.2484375
16 0.1265625 0.2890625 0.08671875 0.14791666666666667
16 0.198828125 0.0734375 0.051171875 0.1
16 0.383984375 0.21197916666666666 0.069140625 0.16145833333333334
16 0.276171875 0.38333333333333336 0.084375 0.14270833333333333
16 0.783203125 0.37552083333333336 0.082421875 0.1625
16 0.86640625 0.2859375 0.06796875 0.11979166666666667
16 0.719140625 0.24010416666666667 0.05 0.10989583333333333
16 0.59140625 0.17447916666666666 0.0515625 0.10520833333333333
16 0.962109375 0.2234375 0.054296875 0.10104166666666667
15 0.5734375 0.5317708333333333 0.122265625 0.2390625
