16 0.4125 0.25625 0.24895833333333334 0.11953125
16 0.7109375 0.1265625 0.1484375 0.087109375
16 0.9265625 0.19921875 0.10052083333333334 0.0515625
16 0.7880208333333333 0.384375 0.16197916666666667 0.06953125
16 0.6166666666666667 0.276171875 0.14322916666666666 0.084765625
16 0.6244791666666667 0.78359375 0.16302083333333334 0.0828125
16 0.7140625 0.86640625 0.1203125 0.068359375
16 0.7598958333333333 0.719140625 0.11041666666666666 0.050390625
16 0.8255208333333334 0.59140625 0.10572916666666667 0.051953125
16 0.7765625 0.9625 0.1015625 0.0546875
15 0.46822916666666664 0.573828125 0.23958333333333334 0.12265625
