16 0.7088541666666667 0.44814814814814813 0.04114583333333333 0.08888888888888889
16 0.6197916666666666 0.5074074074074074 0.03697916666666667 0.07407407407407407
16 0.5255208333333333 0.4722222222222222 0.0328125 0.08611111111111111
16 0.6125 0.6 0.033854166666666664 0.06944444444444445
16 0.5140625 0.5962962962962963 0.0328125 0.07962962962962963
16 0.39895833333333336 0.5916666666666667 0.0359375 0.07314814814814814
16 0.5640625 0.6787037037037037 0.0265625 0.062037037037037036
16 0.4197916666666667 0.637962962962963 0.025520833333333333 0.06574074074074074
16 0.40208333333333335 0.6972222222222222 0.022395833333333334 0.05925925925925926
16 0.475 0.712037037037037 0.022916666666666665 0.053703703703703705
16 0.3541666666666667 0.7268518518518519 0.019270833333333334 0.04537037037037037
