16 0.678125 0.7259953161592506 0.059375 0.1288056206088993
16 0.61875 0.7330210772833724 0.059375 0.0936768149882904
16 0.853125 0.6978922716627635 0.0453125 0.09601873536299765
16 0.928125 0.6604215456674473 0.0609375 0.10304449648711944
16 0.4203125 0.7939110070257611 0.0453125 0.11007025761124122
16 0.3484375 0.7822014051522248 0.0359375 0.09133489461358314
16 0.3359375 0.629976580796253 0.0421875 0.07494145199063232
16 0.496875 0.6229508196721312 0.05 0.08196721311475409
16 0.5703125 0.5784543325526932 0.0484375 0.09133489461358314
16 0.815625 0.65807962529274 0.0359375 0.0702576112412178
16 0.7265625 0.6370023419203747 0.0390625 0.07259953161592506
16 0.709375 0.550351288056206 0.0390625 0.07259953161592506
16 0.6390625 0.585480093676815 0.0421875 0.07962529274004684
16 0.4359375 0.5550351288056206 0.0390625 0.08196721311475409
16 0.5140625 0.5386416861826698 0.0359375 0.0702576112412178
16 0.3859375 0.5433255269320844 0.0390625 0.07259953161592506
16 0.8734375 0.5925058548009368 0.0515625 0.07494145199063232
16 0.921875 0.5526932084309133 0.0359375 0.07494145199063232
16 0.828125 0.4847775175644028 0.04375 0.07494145199063232
16 0.709375 0.4496487119437939 0.034375 0.07494145199063232
16 0.6046875 0.4707259953161593 0.0328125 0.07259953161592506
16 0.571875 0.4379391100702576 0.0296875 0.06323185011709602
16 0.44375 0.4309133489461358 0.034375 0.06791569086651054
16 0.3875 0.4566744730679157 0.0296875 0.07259953161592506
16 0.2984375 0.4894613583138173 0.0359375 0.07494145199063232
16 0.33125 0.4496487119437939 0.034375 0.06323185011709602
16 0.2265625 0.4262295081967213 0.0359375 0.0702576112412178
16 0.2671875 0.43559718969555034 0.0296875 0.05620608899297424
16 0.265625 0.49882903981264637 0.0296875 0.06557377049180328
16 0.2078125 0.3629976580796253 0.0328125 0.053864168618266976
16 0.56875 0.30679156908665106 0.0265625 0.04918032786885246
16 0.4703125 0.32786885245901637 0.0265625 0.04449648711943794
