16 0.3388888888888889 0.225 0.10185185185185185 0.04479166666666667
16 0.17037037037037037 0.3 0.12314814814814815 0.05260416666666667
16 0.44722222222222224 0.3265625 0.08148148148148149 0.03958333333333333
16 0.5425925925925926 0.33645833333333336 0.08055555555555556 0.03697916666666667
16 0.5592592592592592 0.4197916666666667 0.08425925925925926 0.036458333333333336
16 0.5277777777777778 0.575 0.0787037037037037 0.035416666666666666
16 0.5685185185185185 0.5473958333333333 0.06666666666666667 0.0296875
16 0.6712962962962963 0.5364583333333334 0.06481481481481481 0.027083333333333334
16 0.6944444444444444 0.4640625 0.05740740740740741 0.025520833333333333
16 0.6472222222222223 0.60625 0.06944444444444445 0.023958333333333335
16 0.6944444444444444 0.6307291666666667 0.058333333333333334 0.023958333333333335
16 0.6157407407407407 0.44583333333333336 0.06574074074074074 0.023958333333333335
