16 0.225 0.33796296296296297 0.04479166666666667 0.10185185185185185
16 0.3 0.16944444444444445 0.05260416666666667 0.12314814814814815
16 0.3265625 0.4462962962962963 0.03958333333333333 0.08148148148148149
16 0.33645833333333336 0.5416666666666666 0.03697916666666667 0.08055555555555556
16 0.4197916666666667 0.5583333333333333 0.036458333333333336 0.08425925925925926
16 0.575 0.5268518518518519 0.035416666666666666 0.0787037037037037
16 0.5473958333333333 0.5675925925925925 0.0296875 0.06666666666666667
16 0.5364583333333334 0.6703703703703704 0.027083333333333334 0.06481481481481481
16 0.4640625 0.6935185185185185 0.025520833333333333 0.05740740740740741
16 0.60625 0.6462962962962963 0.023958333333333335 0.06944444444444445
16 0.6307291666666667 0.6935185185185185 0.023958333333333335 0.058333333333333334
16 0.44583333333333336 0.6148148148148148 0.023958333333333335 0.06574074074074074
