16 0.22447916666666667 0.6611111111111111 0.044270833333333336 0.10092592592592593
16 0.3 0.8296296296296296 0.052083333333333336 0.12222222222222222
16 0.3260416666666667 0.5527777777777778 0.0390625 0.08055555555555556
16 0.33645833333333336 0.45740740740740743 0.036458333333333336 0.07962962962962963
16 0.4192708333333333 0.44074074074074077 0.0359375 0.08333333333333333
16 0.5744791666666667 0.4722222222222222 0.034895833333333334 0.07777777777777778
16 0.5473958333333333 0.43148148148148147 0.029166666666666667 0.06574074074074074
16 0.5359375 0.3287037037037037 0.0265625 0.06388888888888888
16 0.4640625 0.3055555555555556 0.025 0.05648148148148148
16 0.6057291666666667 0.3527777777777778 0.0234375 0.06851851851851852
16 0.6302083333333334 0.3055555555555556 0.0234375 0.05740740740740741
16 0.4453125 0.38425925925925924 0.0234375 0.06481481481481481
