16 0.3 0.7235602094240837 0.07538461538461538 0.13612565445026178
16 0.5415384615384615 0.7602094240837697 0.05692307692307692 0.11832460732984293
16 0.66 0.6952879581151833 0.04846153846153846 0.10890052356020942
16 0.87 0.7120418848167539 0.06 0.1225130890052356
16 0.5346153846153846 0.6115183246073298 0.045384615384615384 0.09528795811518324
16 0.6184615384615385 0.5413612565445026 0.046153846153846156 0.08481675392670157
16 0.3330769230769231 0.5539267015706806 0.03923076923076923 0.07225130890052356
16 0.23461538461538461 0.5528795811518324 0.036923076923076927 0.0712041884816754
16 0.30538461538461537 0.4617801047120419 0.04 0.05340314136125655
16 0.8838461538461538 0.6219895287958115 0.04846153846153846 0.06910994764397906
16 0.93 0.5863874345549738 0.04 0.07225130890052356
16 0.6776923076923077 0.4523560209424084 0.025384615384615384 0.048167539267015703
16 0.583076923076923 0.4701570680628272 0.023076923076923078 0.04502617801047121
16 0.8584615384615385 0.4513089005235602 0.026923076923076925 0.04293193717277487
16 0.8907692307692308 0.5026178010471204 0.03 0.04607329842931937
16 0.8369230769230769 0.556020942408377 0.03307692307692308 0.04607329842931937
16 0.4707692307692308 0.4178010471204188 0.026153846153846153 0.03455497382198953
16 0.49846153846153846 0.41151832460732984 0.018461538461538463 0.041884816753926704
