16 0.2753926701570681 0.3 0.13717277486910995 0.07615384615384616
16 0.2387434554973822 0.5415384615384615 0.1193717277486911 0.057692307692307696
16 0.3036649214659686 0.6607692307692308 0.1099476439790576 0.04923076923076923
16 0.2869109947643979 0.87 0.12356020942408377 0.06076923076923077
16 0.387434554973822 0.5353846153846153 0.09633507853403141 0.046153846153846156
16 0.45759162303664924 0.6184615384615385 0.08586387434554973 0.04692307692307692
16 0.44502617801047123 0.33384615384615385 0.07329842931937172 0.04
16 0.44607329842931936 0.23461538461538461 0.07225130890052356 0.03769230769230769
16 0.53717277486911 0.30538461538461537 0.05445026178010471 0.040769230769230766
16 0.3769633507853403 0.8846153846153846 0.07015706806282722 0.04923076923076923
16 0.41256544502617803 0.93 0.07329842931937172 0.040769230769230766
16 0.5465968586387434 0.6784615384615384 0.049214659685863874 0.026153846153846153
16 0.5287958115183246 0.583076923076923 0.04607329842931937 0.023846153846153847
16 0.5476439790575917 0.8592307692307692 0.04397905759162304 0.027692307692307693
16 0.4963350785340314 0.8915384615384615 0.04712041884816754 0.03076923076923077
16 0.44293193717277485 0.8376923076923077 0.04712041884816754 0.033846153846153845
16 0.581151832460733 0.4707692307692308 0.0356020942408377 0.026923076923076925
16 0.587434554973822 0.49846153846153846 0.04293193717277487 0.019230769230769232
