16 0.6992307692307692 0.7235602094240837 0.07615384615384616 0.13717277486910995
16 0.4576923076923077 0.7612565445026178 0.057692307692307696 0.1193717277486911
16 0.3392307692307692 0.6952879581151833 0.04923076923076923 0.1099476439790576
16 0.12923076923076923 0.7130890052356021 0.06076923076923077 0.12356020942408377
16 0.4646153846153846 0.612565445026178 0.046153846153846156 0.09633507853403141
16 0.38076923076923075 0.5424083769633508 0.04692307692307692 0.08586387434554973
16 0.6661538461538462 0.5549738219895288 0.04 0.07329842931937172
16 0.7646153846153846 0.5528795811518324 0.03769230769230769 0.07225130890052356
16 0.6938461538461539 0.46282722513089003 0.040769230769230766 0.05445026178010471
16 0.11538461538461539 0.6219895287958115 0.04923076923076923 0.07015706806282722
16 0.06923076923076923 0.587434554973822 0.040769230769230766 0.07329842931937172
16 0.32153846153846155 0.4523560209424084 0.026153846153846153 0.049214659685863874
16 0.41615384615384615 0.4712041884816754 0.023846153846153847 0.04607329842931937
16 0.14076923076923076 0.4523560209424084 0.027692307692307693 0.04397905759162304
16 0.10846153846153846 0.5026178010471204 0.03076923076923077 0.04712041884816754
16 0.16230769230769232 0.556020942408377 0.033846153846153845 0.04712041884816754
16 0.5284615384615384 0.418848167539267 0.026923076923076925 0.0356020942408377
16 0.5007692307692307 0.41151832460732984 0.019230769230769232 0.04293193717277487
