16 0.4732142857142857 0.6372093023255814 0.07678571428571429 0.13953488372093023
16 0.2857142857142857 0.6976744186046512 0.09642857142857143 0.13953488372093023
16 0.19464285714285715 0.6069767441860465 0.07678571428571429 0.13488372093023257
16 0.044642857142857144 0.6232558139534884 0.07678571428571429 0.13488372093023257
16 0.21071428571428572 0.4 0.06428571428571428 0.1186046511627907
16 0.2910714285714286 0.4883720930232558 0.07678571428571429 0.1186046511627907
16 0.9482142857142857 0.5790697674418605 0.07142857142857142 0.1186046511627907
16 0.4767857142857143 0.42790697674418604 0.07678571428571429 0.10697674418604651
16 0.325 0.28604651162790695 0.04642857142857143 0.10232558139534884
16 0.175 0.26976744186046514 0.04107142857142857 0.08604651162790698
