16 0.475 0.36046511627906974 0.07857142857142857 0.14186046511627906
16 0.2857142857142857 0.3 0.09821428571428571 0.14186046511627906
16 0.19642857142857142 0.39069767441860465 0.07857142857142857 0.1372093023255814
16 0.04642857142857143 0.3744186046511628 0.07857142857142857 0.1372093023255814
16 0.21071428571428572 0.5976744186046512 0.06607142857142857 0.12093023255813953
16 0.29285714285714287 0.5093023255813953 0.07857142857142857 0.12093023255813953
16 0.9482142857142857 0.4186046511627907 0.07321428571428572 0.12093023255813953
16 0.4785714285714286 0.5697674418604651 0.07857142857142857 0.10930232558139535
16 0.325 0.7116279069767442 0.048214285714285716 0.10465116279069768
16 0.1767857142857143 0.727906976744186 0.04285714285714286 0.08837209302325581
