15 0.7127272727272728 0.8907103825136612 0.12363636363636364 0.21311475409836064
15 0.48 0.8032786885245902 0.13090909090909092 0.26229508196721313
15 0.88 0.5573770491803278 0.11272727272727273 0.2185792349726776
15 0.6254545454545455 0.5792349726775956 0.08363636363636363 0.18579234972677597
15 0.44 0.6010928961748634 0.09090909090909091 0.16393442622950818
15 0.2581818181818182 0.5792349726775956 0.08363636363636363 0.17486338797814208
15 0.12727272727272726 0.5901639344262295 0.09090909090909091 0.15300546448087432
15 0.7527272727272727 0.4098360655737705 0.07272727272727272 0.17486338797814208
15 0.5418181818181819 0.453551912568306 0.07272727272727272 0.16393442622950818
15 0.41818181818181815 0.4207650273224044 0.07272727272727272 0.15300546448087432
15 0.26545454545454544 0.41530054644808745 0.06909090909090909 0.11475409836065574
15 0.13818181818181818 0.4262295081967213 0.06181818181818182 0.14754098360655737
15 0.5272727272727272 0.30601092896174864 0.07272727272727272 0.12568306010928962
15 0.10909090909090909 0.2786885245901639 0.05454545454545454 0.12568306010928962
15 0.92 0.3825136612021858 0.08 0.14754098360655737
15 0.6872727272727273 0.2896174863387978 0.06909090909090909 0.12568306010928962
15 0.6327272727272727 0.15846994535519127 0.08 0.1366120218579235
15 0.36 0.19672131147540983 0.05454545454545454 0.11475409836065574
15 0.2690909090909091 0.1092896174863388 0.06181818181818182 0.12568306010928962
