15 0.28363636363636363 0.8907103825136612 0.12 0.21311475409836064
15 0.5163636363636364 0.7978142076502732 0.12727272727272726 0.2568306010928962
15 0.11636363636363636 0.5519125683060109 0.10909090909090909 0.21311475409836064
15 0.3709090909090909 0.5737704918032787 0.08 0.18032786885245902
15 0.5563636363636364 0.5956284153005464 0.08727272727272728 0.15846994535519127
15 0.7381818181818182 0.5737704918032787 0.08 0.16939890710382513
15 0.8690909090909091 0.5846994535519126 0.08727272727272728 0.14754098360655737
15 0.24363636363636362 0.40437158469945356 0.06909090909090909 0.16939890710382513
15 0.45454545454545453 0.44808743169398907 0.06909090909090909 0.15846994535519127
15 0.5781818181818181 0.41530054644808745 0.06909090909090909 0.14754098360655737
15 0.730909090909091 0.41530054644808745 0.06545454545454546 0.1092896174863388
15 0.8581818181818182 0.4262295081967213 0.05818181818181818 0.14207650273224043
15 0.4690909090909091 0.30601092896174864 0.06909090909090909 0.12021857923497267
15 0.8872727272727273 0.2786885245901639 0.05090909090909091 0.12021857923497267
15 0.07636363636363637 0.3825136612021858 0.07636363636363637 0.14207650273224043
15 0.3090909090909091 0.2896174863387978 0.06545454545454546 0.12021857923497267
15 0.36363636363636365 0.15846994535519127 0.07636363636363637 0.13114754098360656
15 0.6363636363636364 0.19672131147540983 0.05090909090909091 0.1092896174863388
15 0.7272727272727273 0.1092896174863388 0.05818181818181818 0.12021857923497267
