16 0.8682291666666667 0.31893382352941174 0.0921875 0.1488970588235294
16 0.3734375 0.625 0.027083333333333334 0.05698529411764706
16 0.36875 0.8428308823529411 0.017708333333333333 0.04044117647058824
16 0.4578125 0.8051470588235294 0.017708333333333333 0.03768382352941176
16 0.6817708333333333 0.7003676470588235 0.027083333333333334 0.05514705882352941
16 0.4765625 0.9411764705882353 0.009895833333333333 0.016544117647058824
16 0.625 0.9384191176470589 0.009895833333333333 0.016544117647058824
16 0.5057291666666667 0.9384191176470589 0.011979166666666667 0.017463235294117647
16 0.7411458333333333 0.9503676470588235 0.013020833333333334 0.017463235294117647
16 0.7729166666666667 0.9301470588235294 0.011979166666666667 0.017463235294117647
