16 0.8682291666666667 0.6801470588235294 0.09166666666666666 0.1479779411764706
16 0.3729166666666667 0.3740808823529412 0.0265625 0.05606617647058824
16 0.36822916666666666 0.15625 0.0171875 0.03952205882352941
16 0.45729166666666665 0.19393382352941177 0.0171875 0.03676470588235294
16 0.68125 0.29871323529411764 0.0265625 0.05422794117647059
16 0.4765625 0.057904411764705885 0.009375 0.015625
16 0.625 0.06066176470588235 0.009375 0.015625
16 0.5057291666666667 0.06066176470588235 0.011458333333333333 0.016544117647058824
16 0.7411458333333333 0.04871323529411765 0.0125 0.016544117647058824
16 0.7729166666666667 0.06893382352941177 0.011458333333333333 0.016544117647058824
