15 0.5833333333333334 0.22920892494929007 0.036738351254480286 0.11764705882352941
15 0.510752688172043 0.3002028397565923 0.047491039426523295 0.12373225152129817
15 0.31451612903225806 0.44421906693711966 0.0456989247311828 0.13387423935091278
15 0.8682795698924731 0.14198782961460446 0.0492831541218638 0.10344827586206896
15 0.8745519713261649 0.3306288032454361 0.0456989247311828 0.1075050709939148
15 0.8440860215053764 0.5294117647058824 0.06272401433691756 0.13387423935091278
15 0.6568100358422939 0.2332657200811359 0.043010752688172046 0.11967545638945233
15 0.3736559139784946 0.060851926977687626 0.03225806451612903 0.08113590263691683
15 0.4668458781362007 0.05476673427991886 0.03136200716845878 0.07707910750507099
15 0.5976702508960573 0.04462474645030426 0.022401433691756272 0.06288032454361055
15 0.6577060931899642 0.0973630831643002 0.03225806451612903 0.08113590263691683
15 0.8064516129032258 0.8722109533468559 0.08870967741935484 0.18052738336713997
15 0.9650537634408602 0.4340770791075051 0.04121863799283154 0.15415821501014199
15 0.8145161290322581 0.2778904665314402 0.04121863799283154 0.0872210953346856
15 0.1057347670250896 0.3407707910750507 0.036738351254480286 0.11764705882352941
