15 0.77079107505071 0.4157706093189964 0.11764705882352941 0.036738351254480286
15 0.6977687626774848 0.4883512544802867 0.12373225152129817 0.047491039426523295
15 0.5557809330628803 0.6845878136200717 0.13387423935091278 0.0456989247311828
15 0.8559837728194726 0.13082437275985664 0.10344827586206896 0.0492831541218638
15 0.6673427991886409 0.12455197132616487 0.1075050709939148 0.0456989247311828
15 0.47058823529411764 0.15591397849462366 0.13387423935091278 0.06272401433691756
15 0.7647058823529411 0.3431899641577061 0.11967545638945233 0.043010752688172046
15 0.9391480730223124 0.6263440860215054 0.08113590263691683 0.03225806451612903
15 0.9452332657200812 0.532258064516129 0.07707910750507099 0.03136200716845878
15 0.9533468559837728 0.4014336917562724 0.06288032454361055 0.022401433691756272
15 0.9026369168356998 0.34229390681003585 0.08113590263691683 0.03225806451612903
15 0.1257606490872211 0.19265232974910393 0.18052738336713997 0.08870967741935484
15 0.565922920892495 0.03494623655913978 0.15415821501014199 0.04121863799283154
15 0.7200811359026369 0.18548387096774194 0.0872210953346856 0.04121863799283154
15 0.6592292089249493 0.8933691756272402 0.11764705882352941 0.036738351254480286
