15 0.4157706093189964 0.22718052738336714 0.035842293906810034 0.11561866125760649
15 0.4883512544802867 0.3002028397565923 0.04659498207885305 0.12170385395537525
15 0.6845878136200717 0.4421906693711968 0.044802867383512544 0.13184584178498987
15 0.13082437275985664 0.14198782961460446 0.04838709677419355 0.10141987829614604
15 0.12455197132616487 0.3306288032454361 0.044802867383512544 0.10547667342799188
15 0.1550179211469534 0.5273833671399595 0.06182795698924731 0.13184584178498987
15 0.34229390681003585 0.2332657200811359 0.042114695340501794 0.11764705882352941
15 0.6254480286738351 0.058823529411764705 0.03136200716845878 0.07910750507099391
15 0.532258064516129 0.05273833671399594 0.03046594982078853 0.07505070993914807
15 0.4014336917562724 0.04462474645030426 0.021505376344086023 0.060851926977687626
15 0.34139784946236557 0.09533468559837728 0.03136200716845878 0.07910750507099391
15 0.19265232974910393 0.8722109533468559 0.08781362007168458 0.17849898580121704
15 0.034050179211469536 0.43204868154158216 0.04032258064516129 0.15212981744421908
15 0.18458781362007168 0.2778904665314402 0.04032258064516129 0.08519269776876268
15 0.8933691756272402 0.33874239350912777 0.035842293906810034 0.11561866125760649
