15 0.4724818276220145 0.474835886214442 0.04257528556593977 0.0962800875273523
15 0.5514018691588785 0.487964989059081 0.04257528556593977 0.087527352297593
15 0.6583592938733126 0.474835886214442 0.03946002076843198 0.0962800875273523
15 0.7902388369678089 0.4989059080962801 0.035306334371754934 0.0700218818380744
15 0.7071651090342679 0.212253829321663 0.037383177570093455 0.09409190371991247
15 0.7538940809968847 0.31072210065645517 0.033229491173416406 0.07658643326039387
15 0.8992731048805815 0.45076586433260396 0.037383177570093455 0.08533916849015317
15 0.9397715472481828 0.3785557986870897 0.032191069574247146 0.08533916849015317
15 0.11526479750778816 0.43982494529540483 0.030114226375908618 0.08533916849015317
15 0.029075804776739357 0.474835886214442 0.040498442367601244 0.0962800875273523
15 0.13395638629283488 0.07439824945295405 0.03946002076843198 0.08096280087527352
15 0.39148494288681207 0.474835886214442 0.035306334371754934 0.07658643326039387
15 0.2834890965732087 0.5076586433260394 0.032191069574247146 0.09409190371991247
15 0.18587746625129803 0.47921225382932164 0.035306334371754934 0.08315098468271334
16 0.7144340602284528 0.9168490153172867 0.04672897196261682 0.11159737417943107
16 0.6417445482866043 0.06564551422319474 0.032191069574247146 0.07221006564551423
16 0.2866043613707165 0.19912472647702406 0.024922118380062305 0.08096280087527352
15 0.43302180685358255 0.36323851203501095 0.032191069574247146 0.07658643326039387
15 0.37383177570093457 0.29540481400437635 0.032191069574247146 0.07658643326039387
