15 0.5251641137855579 0.5264797507788161 0.0962800875273523 0.04257528556593977
15 0.5120350109409191 0.4475597092419522 0.087527352297593 0.04257528556593977
15 0.5251641137855579 0.34164070612668745 0.0962800875273523 0.03946002076843198
15 0.5010940919037199 0.20976116303219106 0.0700218818380744 0.035306334371754934
15 0.7855579868708972 0.29283489096573206 0.09409190371991247 0.037383177570093455
15 0.687089715536105 0.24610591900311526 0.07658643326039387 0.033229491173416406
15 0.5470459518599562 0.10072689511941849 0.08533916849015317 0.037383177570093455
15 0.6192560175054704 0.059190031152647975 0.08533916849015317 0.032191069574247146
15 0.5579868708971554 0.8836967808930426 0.08533916849015317 0.030114226375908618
15 0.5251641137855579 0.9698857736240913 0.0962800875273523 0.040498442367601244
15 0.9234135667396062 0.8660436137071651 0.08096280087527352 0.03946002076843198
15 0.5229759299781181 0.608515057113188 0.07658643326039387 0.035306334371754934
15 0.49015317286652077 0.715472481827622 0.09409190371991247 0.032191069574247146
15 0.5207877461706784 0.814122533748702 0.08315098468271334 0.035306334371754934
16 0.08096280087527352 0.284527518172378 0.11159737417943107 0.04672897196261682
16 0.9321663019693655 0.3572170301142264 0.07221006564551423 0.032191069574247146
16 0.7986870897155361 0.7133956386292835 0.08096280087527352 0.024922118380062305
15 0.6345733041575492 0.5659397715472482 0.07658643326039387 0.032191069574247146
15 0.7024070021881839 0.6251298026998962 0.07658643326039387 0.032191069574247146
