15 0.5264797507788161 0.4726477024070022 0.04153686396677051 0.09409190371991247
15 0.4475597092419522 0.48577680525164113 0.04153686396677051 0.08533916849015317
15 0.3406022845275182 0.4726477024070022 0.03842159916926272 0.09409190371991247
15 0.2087227414330218 0.49671772428884026 0.03426791277258567 0.06783369803063458
15 0.29179646936656284 0.212253829321663 0.036344755970924195 0.09190371991247265
15 0.245067497403946 0.31072210065645517 0.032191069574247146 0.07439824945295405
15 0.09968847352024922 0.45076586433260396 0.036344755970924195 0.08315098468271334
15 0.059190031152647975 0.3785557986870897 0.03115264797507788 0.08315098468271334
15 0.8836967808930426 0.43982494529540483 0.029075804776739357 0.08315098468271334
15 0.9698857736240913 0.4726477024070022 0.03946002076843198 0.09409190371991247
15 0.8650051921079959 0.07439824945295405 0.03842159916926272 0.0787746170678337
15 0.6074766355140186 0.474835886214442 0.03426791277258567 0.07439824945295405
15 0.715472481827622 0.5076586433260394 0.03115264797507788 0.09190371991247265
15 0.8130841121495327 0.47702407002188185 0.03426791277258567 0.08096280087527352
16 0.284527518172378 0.9168490153172867 0.04569055036344756 0.10940919037199125
16 0.3572170301142264 0.06564551422319474 0.03115264797507788 0.0700218818380744
16 0.7123572170301142 0.19912472647702406 0.023883696780893044 0.0787746170678337
15 0.5659397715472482 0.36323851203501095 0.03115264797507788 0.07439824945295405
15 0.6251298026998962 0.29540481400437635 0.03115264797507788 0.07439824945295405
