15 0.16636690647482014 0.24715447154471545 0.048561151079136694 0.11869918699186992
15 0.06474820143884892 0.08780487804878048 0.03776978417266187 0.12845528455284552
15 0.2886690647482014 0.27479674796747966 0.04316546762589928 0.1040650406504065
15 0.41097122302158273 0.2601626016260163 0.045863309352517985 0.11544715447154472
15 0.5080935251798561 0.2975609756097561 0.044964028776978415 0.08130081300813008
15 0.8516187050359713 0.608130081300813 0.03776978417266187 0.08617886178861789
15 0.7688848920863309 0.8308943089430895 0.03866906474820144 0.09268292682926829
15 0.6672661870503597 0.8552845528455284 0.03776978417266187 0.08292682926829269
15 0.7113309352517986 0.8926829268292683 0.03597122302158273 0.0991869918699187
15 0.9316546762589928 0.8276422764227642 0.04136690647482014 0.09268292682926829
15 0.8435251798561151 0.7268292682926829 0.03866906474820144 0.0943089430894309
15 0.9739208633093526 0.7105691056910569 0.03866906474820144 0.0975609756097561
15 0.8857913669064749 0.8146341463414634 0.029676258992805755 0.08292682926829269
15 0.15017985611510792 0.8146341463414634 0.03597122302158273 0.08617886178861789
15 0.10701438848920863 0.5626016260162602 0.04226618705035971 0.10894308943089431
15 0.044064748201438846 0.6878048780487804 0.03776978417266187 0.08617886178861789
15 0.23741007194244604 0.8536585365853658 0.03866906474820144 0.08455284552845528
15 0.5080935251798561 0.824390243902439 0.03597122302158273 0.06829268292682927
15 0.4460431654676259 0.8 0.039568345323741004 0.08943089430894309
15 0.25719424460431656 0.9333333333333333 0.029676258992805755 0.055284552845528454
15 0.6816546762589928 0.21788617886178863 0.05485611510791367 0.11219512195121951
16 0.23111510791366907 0.5333333333333333 0.039568345323741004 0.08943089430894309
