15 0.16546762589928057 0.751219512195122 0.047661870503597124 0.11707317073170732
15 0.06384892086330936 0.9105691056910569 0.0368705035971223 0.12682926829268293
15 0.28776978417266186 0.7235772357723578 0.04226618705035971 0.1024390243902439
15 0.41097122302158273 0.7382113821138211 0.044964028776978415 0.11382113821138211
15 0.5071942446043165 0.7008130081300813 0.044064748201438846 0.07967479674796749
15 0.8507194244604317 0.3902439024390244 0.0368705035971223 0.08455284552845528
15 0.7688848920863309 0.16747967479674797 0.03776978417266187 0.0910569105691057
15 0.6663669064748201 0.14308943089430895 0.0368705035971223 0.08130081300813008
15 0.710431654676259 0.10569105691056911 0.03507194244604316 0.0975609756097561
15 0.9307553956834532 0.17073170731707318 0.040467625899280574 0.0910569105691057
15 0.8435251798561151 0.27154471544715447 0.03776978417266187 0.09268292682926829
15 0.9739208633093526 0.28780487804878047 0.03776978417266187 0.0959349593495935
15 0.8857913669064749 0.183739837398374 0.02877697841726619 0.08130081300813008
15 0.14928057553956833 0.183739837398374 0.03507194244604316 0.08455284552845528
15 0.10701438848920863 0.43577235772357725 0.04136690647482014 0.1073170731707317
15 0.04316546762589928 0.3105691056910569 0.0368705035971223 0.08455284552845528
15 0.23741007194244604 0.14471544715447154 0.03776978417266187 0.08292682926829269
15 0.5071942446043165 0.17398373983739837 0.03507194244604316 0.06666666666666667
15 0.44514388489208634 0.1983739837398374 0.03866906474820144 0.08780487804878048
15 0.25719424460431656 0.06504065040650407 0.02877697841726619 0.05365853658536585
15 0.6816546762589928 0.7804878048780488 0.0539568345323741 0.11056910569105691
16 0.2302158273381295 0.46504065040650405 0.03866906474820144 0.08780487804878048
