16 0.39921875 0.8194444444444444 0.0546875 0.09583333333333334
16 0.4859375 0.7736111111111111 0.04453125 0.10416666666666667
16 0.378125 0.49444444444444446 0.040625 0.07777777777777778
16 0.046875 0.5208333333333334 0.0375 0.08055555555555556
16 0.32734375 0.34444444444444444 0.03125 0.0625
16 0.20859375 0.2861111111111111 0.03125 0.06527777777777778
16 0.20546875 0.22361111111111112 0.03125 0.058333333333333334
16 0.34375 0.2375 0.028125 0.05555555555555555
16 0.5 0.25 0.028125 0.05
16 0.42265625 0.0875 0.02890625 0.05555555555555555
16 0.240625 0.7097222222222223 0.053125 0.09166666666666666
