16 0.39921875 0.17916666666666667 0.05546875 0.09722222222222222
16 0.48671875 0.225 0.0453125 0.10555555555555556
16 0.378125 0.5041666666666667 0.04140625 0.07916666666666666
16 0.046875 0.4777777777777778 0.03828125 0.08194444444444444
16 0.32734375 0.6541666666666667 0.03203125 0.06388888888888888
16 0.20859375 0.7125 0.03203125 0.06666666666666667
16 0.20546875 0.775 0.03203125 0.059722222222222225
16 0.34375 0.7611111111111111 0.02890625 0.05694444444444444
16 0.5 0.7486111111111111 0.02890625 0.05138888888888889
16 0.4234375 0.9111111111111111 0.0296875 0.05694444444444444
16 0.240625 0.28888888888888886 0.05390625 0.09305555555555556
