16 0.596875 0.8208333333333333 0.04765625 0.09583333333333334
16 0.5171875 0.7736111111111111 0.04921875 0.10694444444444444
16 0.75703125 0.7166666666666667 0.05078125 0.09583333333333334
16 0.95234375 0.5236111111111111 0.03828125 0.08333333333333333
16 0.6203125 0.4986111111111111 0.03515625 0.08194444444444444
16 0.6734375 0.34305555555555556 0.03359375 0.058333333333333334
16 0.79609375 0.2875 0.0375 0.07222222222222222
16 0.79609375 0.22361111111111112 0.02890625 0.06805555555555555
16 0.653125 0.24027777777777778 0.02421875 0.06388888888888888
16 0.49921875 0.25416666666666665 0.02578125 0.05416666666666667
16 0.575 0.09305555555555556 0.03203125 0.06527777777777778
