      0/39     1.78G   0.08782   0.04618   0.04193    0.1759        46       608    0.1384     0.218    0.1529   0.03882   0.06691    0.0384   0.02494
      1/39     2.86G   0.06282    0.0401    0.0254    0.1283        35       608    0.3382    0.5471    0.3942    0.1218   0.05264   0.03751   0.02134
      2/39     2.86G   0.05855   0.03812   0.01537     0.112        51       608    0.6439    0.6642    0.6686    0.2647   0.04502   0.03707  0.009611
      3/39     2.86G   0.05572   0.03775   0.01135    0.1048        49       608     0.686    0.6299    0.7063    0.2861   0.04672   0.03252  0.007461
      4/39     2.86G   0.04921   0.03746  0.008717   0.09538        35       608    0.7196     0.601    0.6828    0.2843   0.04616   0.03527  0.008951
      5/39     2.86G   0.04557   0.03674  0.007426   0.08975        36       608     0.794    0.7816    0.8306    0.3946   0.03878   0.03073  0.004945
      6/39     2.86G   0.04386   0.03499  0.006968   0.08581        36       608    0.8168    0.7791    0.8593     0.421   0.03711   0.03071  0.004441
      7/39     2.86G    0.0421   0.03438  0.005852   0.08233        46       608    0.8008    0.8343    0.8696    0.4437   0.03543   0.02936  0.003662
      8/39     2.86G   0.04017   0.03359  0.005004   0.07876        23       608    0.8197    0.8504    0.8926     0.469   0.03469   0.02837  0.003124
      9/39     2.86G   0.03951   0.03305  0.004674   0.07723        19       608    0.8404     0.837    0.8948     0.466   0.03452   0.02852   0.00335
     10/39     2.86G   0.03877   0.03252  0.004476   0.07576        59       608    0.8608    0.8201    0.8967    0.4699    0.0338   0.02839   0.00329
     11/39     2.86G   0.03788   0.03212  0.004266   0.07427        45       608    0.8456    0.8618    0.9112    0.4775   0.03375   0.02761   0.00275
     12/39     2.86G   0.03684   0.03057  0.003678   0.07109        20       608    0.8443    0.8752    0.9236    0.5129    0.0321   0.02696  0.002374
     13/39     2.86G   0.03646   0.03137  0.003697   0.07154        51       608     0.864    0.8769    0.9258    0.5202   0.03191   0.02676  0.002516
     14/39     2.86G   0.03537   0.03024   0.00323   0.06884        22       608    0.8369    0.8383    0.8964    0.4753   0.03422   0.02859  0.003093
     15/39     2.86G   0.03462   0.03034  0.003027   0.06799        20       608    0.8667    0.8717    0.9296    0.5249   0.03137   0.02642  0.002487
     16/39     2.86G   0.03432   0.02965  0.002936   0.06691        37       608    0.8712    0.8873    0.9366    0.5376   0.03078   0.02564  0.001777
     17/39     2.86G   0.03308   0.02911  0.002694   0.06489        48       608     0.883    0.9033    0.9482    0.5531   0.02985   0.02512  0.001864
     18/39     2.86G   0.03324   0.02885  0.002679   0.06477        26       608    0.8821    0.8923    0.9417    0.5534   0.03007   0.02561  0.001744
     19/39     2.86G   0.03237   0.02843  0.002505   0.06331        52       608    0.8673    0.9006    0.9392     0.556    0.0294   0.02562  0.001721
     20/39     2.86G   0.03209   0.02845  0.002339   0.06288        44       608    0.8835    0.9094     0.945    0.5601   0.02956   0.02468  0.001767
     21/39     2.86G   0.03121   0.02767   0.00225   0.06112        39       608    0.9052    0.9059    0.9537    0.5736    0.0285    0.0244  0.001543
     22/39     2.86G     0.031   0.02685  0.002133   0.05998        42       608    0.8837    0.9035    0.9505    0.5732   0.02893    0.0249  0.001831
     23/39     2.86G   0.03022   0.02674   0.00188   0.05884        31       608    0.9141    0.9048     0.959    0.5871   0.02791   0.02386  0.001252
     24/39     2.86G   0.02992   0.02669  0.001942   0.05855        52       608     0.902     0.902    0.9568    0.5888    0.0278   0.02402  0.001401
     25/39     2.86G    0.0294   0.02628  0.001869   0.05755        47       608    0.9104    0.9169    0.9584    0.5976   0.02746   0.02354  0.001542
     26/39     2.86G   0.02907   0.02666  0.001726   0.05746        33       608    0.9141    0.9121      0.96    0.5988   0.02705   0.02348  0.001355
     27/39     2.86G   0.02883   0.02611  0.001664   0.05661        21       608    0.9223     0.913    0.9641    0.6099   0.02685   0.02301  0.001146
     28/39     2.86G   0.02823   0.02558  0.001608   0.05542        36       608    0.9272    0.9176    0.9646     0.615   0.02642   0.02293  0.001074
     29/39     2.86G   0.02762   0.02517  0.001476   0.05427        40       608    0.9304    0.9123    0.9653    0.6175    0.0263   0.02301  0.001032
     30/39     2.86G   0.02734   0.02488  0.001449   0.05367        49       608    0.9089    0.9267     0.965    0.6173   0.02608    0.0228  0.001201
     31/39     2.86G    0.0269   0.02502  0.001389   0.05331        27       608    0.9181    0.9301     0.966    0.6207   0.02618   0.02269  0.001137
     32/39     2.86G   0.02672   0.02436  0.001318    0.0524        27       608    0.9244    0.9291    0.9681    0.6239   0.02592   0.02252 0.0009084
     33/39     2.86G   0.02625   0.02393  0.001241   0.05142        40       608    0.9198    0.9311    0.9687    0.6273   0.02569   0.02242 0.0009039
     34/39     2.86G   0.02633   0.02394  0.001298   0.05157        37       608    0.9176    0.9338    0.9684    0.6318   0.02557   0.02237 0.0008358
     35/39     2.86G   0.02593   0.02388  0.001146   0.05096        51       608    0.9188    0.9356     0.969    0.6347   0.02537   0.02209 0.0007665
     36/39     2.86G   0.02562   0.02381   0.00108   0.05051        45       608    0.9291    0.9288    0.9691    0.6362   0.02534   0.02205 0.0007927
     37/39     2.86G   0.02548    0.0233  0.001099   0.04987        59       608    0.9235    0.9351    0.9705    0.6415   0.02507   0.02204 0.0008687
     38/39     2.86G   0.02532   0.02293  0.001108   0.04936        52       608    0.9468    0.9163    0.9705    0.6458   0.02502   0.02161 0.0009058
     39/39     2.86G   0.02506   0.02317  0.001065    0.0493        29       608    0.9435    0.9259    0.9736    0.6486   0.02473   0.02148 0.0008287
