15 0.412778 0.341667 0.047778 0.085897
15 0.254444 0.390385 0.060000 0.091026
15 0.335556 0.633974 0.075556 0.106410
15 0.588889 0.644231 0.075556 0.091026
15 0.853889 0.605769 0.056667 0.098718
15 0.572778 0.403846 0.032222 0.074359
15 0.079444 0.553846 0.063333 0.100000
15 0.946111 0.347436 0.034444 0.064103
15 0.231111 0.283974 0.035556 0.057692
15 0.187778 0.374359 0.044444 0.066667
15 0.043889 0.359615 0.038889 0.075641
15 0.387222 0.060897 0.025556 0.050000
15 0.774444 0.083974 0.031111 0.042308
15 0.300000 0.089103 0.024444 0.044872
15 0.468889 0.500000 0.044444 0.084615
15 0.527778 0.262179 0.033333 0.044872
15 0.122778 0.303846 0.041111 0.069231
