16 0.526250 0.277027 0.055833 0.101966
16 0.591250 0.453317 0.077500 0.135135
16 0.341250 0.421990 0.077500 0.101966
16 0.239167 0.284398 0.041667 0.062654
16 0.520833 0.714988 0.083333 0.137592
16 0.393750 0.695332 0.094167 0.169533
16 0.159167 0.256143 0.045000 0.057740
15 0.257500 0.540541 0.088333 0.137592
15 0.053750 0.625921 0.102500 0.195332
15 0.161250 0.509214 0.079167 0.146192
15 0.436250 0.514128 0.087500 0.141278
15 0.397083 0.372850 0.057500 0.094595
15 0.220417 0.340909 0.057500 0.072482
