15 0.515833 0.533125 0.098333 0.188750
15 0.775417 0.493750 0.094167 0.195000
15 0.360833 0.405625 0.098333 0.186250
15 0.033750 0.359375 0.065833 0.123750
15 0.175000 0.164375 0.056667 0.108750
15 0.056250 0.105000 0.054167 0.097500
15 0.427083 0.101875 0.055833 0.086250
15 0.625417 0.333125 0.064167 0.116250
15 0.687500 0.201875 0.051667 0.096250
15 0.794167 0.290625 0.048333 0.096250
15 0.285833 0.053125 0.040000 0.071250
15 0.578750 0.089375 0.042500 0.071250
15 0.935833 0.118125 0.036667 0.076250
15 0.863333 0.408125 0.078333 0.146250
15 0.552917 0.265625 0.044167 0.081250
