16 0.192810 0.599129 0.081699 0.095861
16 0.311275 0.640523 0.073529 0.113290
16 0.226307 0.295207 0.070261 0.093682
16 0.294935 0.410675 0.060458 0.084967
16 0.345588 0.486928 0.063725 0.102397
16 0.516340 0.533769 0.065359 0.091503
16 0.656863 0.568627 0.068627 0.095861
16 0.817810 0.584967 0.066993 0.102397
16 0.441176 0.389978 0.062092 0.082789
16 0.579248 0.424837 0.053922 0.091503
16 0.713235 0.388889 0.060458 0.106754
16 0.692810 0.252723 0.062092 0.104575
16 0.548203 0.208061 0.060458 0.098039
16 0.386438 0.190632 0.060458 0.093682
