16 0.178105 0.665441 0.091503 0.134804
16 0.500817 0.751225 0.073529 0.149510
16 0.092320 0.404412 0.066993 0.137255
16 0.268791 0.412990 0.063725 0.115196
16 0.501634 0.441176 0.058824 0.117647
16 0.699346 0.449755 0.058824 0.095588
16 0.901961 0.476716 0.058824 0.115196
16 0.141340 0.269608 0.057190 0.083333
16 0.319444 0.256127 0.044118 0.110294
16 0.502451 0.281863 0.050654 0.098039
16 0.650327 0.349265 0.045752 0.075980
16 0.839869 0.302696 0.042484 0.085784
16 0.955882 0.340686 0.049020 0.083333
16 0.049020 0.164216 0.049020 0.078431
16 0.209150 0.169118 0.035948 0.078431
16 0.379085 0.199755 0.039216 0.080882
16 0.468954 0.197304 0.052288 0.075980
16 0.619281 0.178922 0.035948 0.068627
16 0.750000 0.187500 0.035948 0.066176
16 0.815359 0.154412 0.035948 0.068627
16 0.757353 0.093137 0.031046 0.058824
16 0.925654 0.188725 0.031046 0.053922
16 0.448529 0.120098 0.034314 0.058824
16 0.246732 0.116422 0.032680 0.071078
16 0.116013 0.099265 0.035948 0.066176
16 0.057190 0.035539 0.039216 0.061275
16 0.286765 0.063725 0.031046 0.068627
16 0.542484 0.082108 0.032680 0.061275
16 0.660948 0.089461 0.027778 0.061275
16 0.723039 0.047794 0.027778 0.056373
16 0.816993 0.055147 0.029412 0.061275
16 0.919935 0.063725 0.022876 0.053922
16 0.940359 0.123775 0.031046 0.046569
16 0.380719 0.036765 0.026144 0.044118
