16 0.074346 0.565126 0.076797 0.100840
16 0.218137 0.674370 0.060458 0.088235
16 0.375000 0.618697 0.063725 0.086134
16 0.545752 0.572479 0.062092 0.102941
16 0.723856 0.591387 0.062092 0.107143
16 0.901961 0.433824 0.065359 0.102941
16 0.721405 0.391807 0.070261 0.098739
16 0.407680 0.410714 0.063725 0.098739
16 0.273693 0.329832 0.057190 0.088235
16 0.258170 0.495798 0.058824 0.084034
16 0.428922 0.198529 0.050654 0.077731
16 0.560458 0.246849 0.058824 0.107143
16 0.253268 0.125000 0.062092 0.094538
16 0.705065 0.126050 0.063725 0.100840
