16 0.180556 0.762004 0.083333 0.129436
16 0.115196 0.462422 0.076797 0.106472
16 0.545752 0.583507 0.101307 0.160752
16 0.383987 0.447808 0.068627 0.114823
16 0.877451 0.713987 0.091503 0.167015
16 0.071078 0.314196 0.050654 0.089770
16 0.405229 0.260960 0.045752 0.104384
16 0.645425 0.244259 0.062092 0.100209
16 0.593137 0.255741 0.049020 0.085595
16 0.591503 0.462422 0.071895 0.106472
16 0.907680 0.353862 0.076797 0.131524
16 0.239379 0.228601 0.047386 0.081420
16 0.055556 0.193111 0.055556 0.081420
16 0.500817 0.201461 0.034314 0.060543
16 0.348039 0.213987 0.035948 0.068894
16 0.290033 0.167015 0.034314 0.054280
16 0.099673 0.152401 0.035948 0.075157
16 0.209967 0.177453 0.040850 0.066806
