16 0.329248 0.686275 0.102941 0.156863
16 0.532680 0.582108 0.068627 0.125000
16 0.107026 0.386029 0.106209 0.164216
16 0.226307 0.303922 0.070261 0.117647
16 0.314542 0.497549 0.066993 0.122549
16 0.418301 0.479167 0.068627 0.110294
16 0.558824 0.442402 0.062092 0.105392
16 0.673203 0.530637 0.055556 0.100490
16 0.758987 0.700980 0.060458 0.102941
16 0.861111 0.563725 0.081699 0.117647
16 0.842320 0.352941 0.066993 0.122549
16 0.665033 0.367647 0.049020 0.073529
16 0.370098 0.297794 0.060458 0.129902
16 0.531863 0.263480 0.066993 0.134804
16 0.734477 0.209559 0.066993 0.120098
16 0.616013 0.115196 0.062092 0.142157
16 0.445261 0.150735 0.063725 0.105392
16 0.313725 0.112745 0.068627 0.122549
