16 0.267157 0.680147 0.060458 0.115196
16 0.116013 0.515931 0.068627 0.115196
16 0.236928 0.400735 0.071895 0.115196
16 0.387255 0.354167 0.062092 0.129902
16 0.406863 0.653186 0.068627 0.125000
16 0.584967 0.830882 0.058824 0.112745
16 0.510621 0.452206 0.076797 0.129902
16 0.646242 0.409314 0.073529 0.151961
16 0.720588 0.356618 0.062092 0.125000
16 0.797386 0.459559 0.068627 0.120098
16 0.911765 0.361520 0.068627 0.129902
16 0.107026 0.252451 0.063725 0.122549
16 0.147059 0.167892 0.052288 0.090686
16 0.210784 0.264706 0.055556 0.078431
16 0.300654 0.216912 0.055556 0.115196
16 0.354575 0.165441 0.062092 0.105392
16 0.462418 0.238971 0.055556 0.085784
16 0.506536 0.317402 0.058824 0.105392
16 0.616013 0.265931 0.062092 0.095588
16 0.553105 0.109069 0.057190 0.115196
16 0.720588 0.149510 0.055556 0.117647
16 0.817810 0.286765 0.057190 0.112745
16 0.885621 0.242647 0.049020 0.093137
