16 0.178922 0.459559 0.073529 0.154412
16 0.089052 0.382353 0.066993 0.142157
16 0.340686 0.450980 0.057190 0.127451
16 0.511438 0.447304 0.071895 0.139706
16 0.653595 0.404412 0.071895 0.137255
16 0.794118 0.523284 0.075163 0.115196
16 0.859477 0.376225 0.075163 0.115196
16 0.732026 0.301471 0.055556 0.132353
16 0.569444 0.294118 0.063725 0.122549
16 0.411765 0.308824 0.068627 0.107843
16 0.227941 0.345588 0.066993 0.117647
16 0.111928 0.231618 0.063725 0.115196
16 0.183007 0.149510 0.055556 0.093137
16 0.267974 0.248775 0.052288 0.105392
16 0.326797 0.167892 0.049020 0.105392
16 0.534314 0.175245 0.045752 0.110294
16 0.642974 0.219363 0.053922 0.125000
16 0.804739 0.250000 0.047386 0.088235
