16 0.149510 0.674000 0.083333 0.220000
16 0.276961 0.894000 0.112745 0.212000
16 0.571895 0.888000 0.111111 0.224000
16 0.948529 0.854000 0.096405 0.284000
16 0.093954 0.178000 0.066993 0.212000
16 0.329248 0.184000 0.057190 0.184000
16 0.571895 0.198000 0.078431 0.236000
16 0.656046 0.164000 0.050654 0.160000
16 0.512255 0.488000 0.083333 0.256000
16 0.672386 0.538000 0.089869 0.236000
16 0.836601 0.350000 0.062092 0.188000
16 0.935458 0.548000 0.089869 0.184000
16 0.816176 0.130000 0.066993 0.164000
16 0.447712 0.078000 0.055556 0.148000
