16 0.612745 0.401961 0.084967 0.176471
16 0.346405 0.525735 0.078431 0.154412
16 0.218954 0.340686 0.071895 0.137255
16 0.102124 0.378676 0.057190 0.095588
16 0.312908 0.317402 0.057190 0.090686
16 0.473039 0.317402 0.063725 0.134804
16 0.696078 0.403186 0.055556 0.115196
16 0.897876 0.409314 0.070261 0.117647
16 0.783497 0.306373 0.057190 0.112745
16 0.163399 0.149510 0.055556 0.102941
16 0.344771 0.172794 0.055556 0.105392
16 0.480392 0.192402 0.045752 0.085784
16 0.620098 0.246324 0.060458 0.085784
