16 0.109477 0.778075 0.209150 0.283422
16 0.138889 0.622103 0.202614 0.242424
16 0.352124 0.561497 0.165033 0.221034
16 0.482026 0.536542 0.189542 0.221034
16 0.699346 0.897504 0.284314 0.201426
16 0.901961 0.604278 0.186275 0.263815
16 0.766340 0.401070 0.160131 0.235294
16 0.376634 0.258467 0.174837 0.217469
16 0.107843 0.227273 0.186275 0.233512
16 0.053922 0.387701 0.101307 0.204991
16 0.217320 0.117647 0.137255 0.203209
16 0.714869 0.151515 0.142157 0.238859
16 0.526961 0.093583 0.142157 0.176471
