16 0.247537 0.797386 0.100985 0.084967
16 0.629310 0.767157 0.135468 0.102941
16 0.150246 0.516340 0.088670 0.058824
16 0.448276 0.532680 0.073892 0.058824
16 0.810345 0.536765 0.093596 0.080065
16 0.114532 0.367647 0.071429 0.055556
16 0.384236 0.371732 0.073892 0.066993
16 0.756158 0.386438 0.078818 0.063725
16 0.065271 0.263072 0.071429 0.052288
16 0.248768 0.249183 0.064039 0.053922
16 0.444581 0.267157 0.056650 0.057190
16 0.672414 0.276144 0.054187 0.055556
16 0.887931 0.288399 0.066502 0.060458
16 0.185961 0.166667 0.061576 0.042484
16 0.369458 0.174020 0.059113 0.044118
16 0.580049 0.183007 0.061576 0.055556
16 0.745074 0.198529 0.061576 0.050654
16 0.908867 0.195261 0.064039 0.053922
16 0.451970 0.115196 0.051724 0.044118
16 0.608374 0.121732 0.064039 0.040850
16 0.779557 0.125000 0.056650 0.040850
16 0.917488 0.136438 0.046798 0.040850
16 0.384236 0.062092 0.054187 0.042484
16 0.557882 0.067810 0.046798 0.047386
16 0.630542 0.062908 0.054187 0.047386
16 0.827586 0.060458 0.044335 0.045752
16 0.972906 0.080065 0.039409 0.045752
