16 0.670752 0.762255 0.135621 0.245098
16 0.415850 0.427696 0.106209 0.198529
16 0.118464 0.421569 0.089869 0.171569
16 0.037582 0.248775 0.071895 0.159314
16 0.307190 0.263480 0.068627 0.144608
16 0.551471 0.279412 0.080065 0.137255
16 0.751634 0.473039 0.091503 0.161765
16 0.885621 0.278186 0.081699 0.149510
16 0.667484 0.158088 0.060458 0.110294
16 0.450980 0.174020 0.065359 0.112745
16 0.248366 0.144608 0.058824 0.107843
16 0.933824 0.171569 0.066993 0.137255
16 0.573529 0.049020 0.062092 0.093137
16 0.367647 0.051471 0.055556 0.093137
