16 0.106209 0.520042 0.075163 0.103376
16 0.245098 0.668776 0.052288 0.092827
16 0.446895 0.592827 0.053922 0.084388
16 0.588235 0.622363 0.055556 0.097046
16 0.733660 0.610759 0.058824 0.111814
16 0.284314 0.439873 0.042484 0.086498
16 0.449346 0.428270 0.058824 0.101266
16 0.731209 0.436709 0.060458 0.097046
16 0.925654 0.468354 0.080065 0.092827
16 0.344771 0.348101 0.062092 0.067511
16 0.315359 0.154008 0.049020 0.084388
16 0.545752 0.256329 0.055556 0.082278
16 0.760621 0.129747 0.057190 0.116034
