15 0.415357 0.514485 0.033571 0.071888
15 0.464286 0.481223 0.027143 0.046137
15 0.587500 0.555794 0.032143 0.068670
15 0.497500 0.622318 0.043571 0.068670
15 0.521429 0.752682 0.037143 0.065451
15 0.808214 0.679185 0.035000 0.072961
15 0.796786 0.535408 0.027857 0.060086
15 0.671786 0.503755 0.037857 0.063305
15 0.601786 0.440451 0.035000 0.054721
15 0.729643 0.831009 0.020714 0.052575
15 0.938571 0.822961 0.034286 0.051502
15 0.972857 0.662017 0.028571 0.055794
15 0.276429 0.505901 0.030000 0.059013
15 0.023929 0.755901 0.032143 0.063305
15 0.036786 0.872854 0.039286 0.059013
15 0.024643 0.177575 0.035000 0.056867
15 0.038214 0.257511 0.032143 0.060086
15 0.735714 0.302575 0.027143 0.045064
15 0.568214 0.270386 0.027857 0.053648
15 0.865000 0.121245 0.030000 0.057940
15 0.775357 0.134657 0.027857 0.059013
15 0.673571 0.201717 0.027143 0.053648
15 0.435714 0.040773 0.027143 0.049356
15 0.152143 0.085837 0.032857 0.049356
15 0.326429 0.068670 0.022857 0.053648
15 0.592500 0.021459 0.027857 0.040773
15 0.747857 0.059549 0.025714 0.048283
16 0.693929 0.024678 0.026429 0.042918
15 0.965714 0.375536 0.034286 0.057940
15 0.230357 0.446352 0.036429 0.053648
