16 0.430582 0.532353 0.061914 0.061765
16 0.496248 0.661029 0.058161 0.042647
16 0.204503 0.921324 0.078799 0.066176
16 0.315197 0.720588 0.056285 0.050000
16 0.748593 0.569853 0.060038 0.054412
16 0.916510 0.614706 0.050657 0.055882
16 0.961538 0.300735 0.050657 0.057353
16 0.416510 0.909559 0.060038 0.072059
16 0.290807 0.880882 0.048780 0.050000
16 0.505629 0.110294 0.039400 0.047059
16 0.435272 0.111765 0.037523 0.047059
15 0.713884 0.111765 0.065666 0.052941
16 0.975610 0.536029 0.048780 0.048529
15 0.824578 0.811029 0.058161 0.060294
