16 0.284896 0.754032 0.030208 0.056452
16 0.223438 0.727419 0.036458 0.061290
16 0.145313 0.779032 0.036458 0.048387
16 0.500000 0.753226 0.029167 0.058065
16 0.462500 0.654032 0.025000 0.053226
16 0.833854 0.914516 0.030208 0.051613
16 0.775521 0.604839 0.028125 0.058065
16 0.694792 0.650806 0.027083 0.046774
16 0.246354 0.362097 0.028125 0.043548
16 0.311458 0.416935 0.020833 0.050000
16 0.288021 0.320968 0.021875 0.038710
16 0.190625 0.318548 0.025000 0.050000
16 0.137500 0.306452 0.029167 0.048387
16 0.396354 0.216935 0.019792 0.053226
16 0.327083 0.205645 0.025000 0.043548
16 0.408333 0.038710 0.018750 0.035484
16 0.586458 0.225806 0.018750 0.038710
16 0.490625 0.128226 0.020833 0.043548
16 0.304167 0.556452 0.022917 0.048387
16 0.182292 0.452419 0.022917 0.050000
16 0.018750 0.541129 0.031250 0.056452
16 0.367188 0.422581 0.023958 0.032258
15 0.788021 0.413710 0.023958 0.056452
15 0.138542 0.579839 0.027083 0.046774
15 0.221354 0.599194 0.028125 0.043548
15 0.064062 0.775806 0.032292 0.045161
15 0.642188 0.216935 0.028125 0.043548
