15 0.427140 0.469861 0.056466 0.126739
15 0.494080 0.364760 0.046448 0.102009
15 0.651639 0.273570 0.042805 0.108192
15 0.794171 0.180835 0.038251 0.083462
15 0.949454 0.180835 0.040984 0.111283
15 0.969945 0.335394 0.038251 0.123648
15 0.810109 0.346986 0.051913 0.100464
15 0.857923 0.268934 0.038251 0.117465
15 0.649362 0.540958 0.056466 0.111283
15 0.405282 0.726430 0.052823 0.142195
15 0.278233 0.627512 0.055556 0.129830
15 0.324226 0.471406 0.047359 0.105100
15 0.350638 0.394127 0.043716 0.092736
15 0.370674 0.481453 0.043716 0.119011
15 0.525956 0.654560 0.051913 0.119011
15 0.667122 0.806801 0.050091 0.139104
15 0.821038 0.683926 0.046448 0.115920
15 0.906648 0.573416 0.042805 0.120556
15 0.490893 0.191654 0.045537 0.086553
15 0.390710 0.249614 0.045537 0.097372
15 0.239982 0.397991 0.040984 0.075734
15 0.171676 0.276662 0.035519 0.095827
15 0.363843 0.939722 0.061020 0.114374
15 0.586976 0.540958 0.042805 0.098918
15 0.440346 0.231839 0.037341 0.077280
15 0.415301 0.135240 0.030965 0.085008
15 0.593807 0.181607 0.034608 0.081917
15 0.713115 0.132148 0.038251 0.081917
15 0.077413 0.081917 0.041894 0.083462
15 0.028689 0.117465 0.039162 0.083462
15 0.967213 0.551777 0.041894 0.102009
15 0.580601 0.292890 0.050091 0.115920
