15 0.622234 0.656986 0.034773 0.070644
15 0.293994 0.637363 0.042150 0.059655
15 0.086934 0.670330 0.043203 0.081633
15 0.228662 0.319466 0.035827 0.067504
15 0.319283 0.183673 0.033720 0.053375
15 0.524236 0.200942 0.022129 0.053375
15 0.444152 0.419937 0.041096 0.070644
15 0.504215 0.634223 0.041096 0.078493
15 0.773446 0.265306 0.031612 0.056515
15 0.766070 0.152276 0.029505 0.053375
15 0.824025 0.120879 0.025290 0.056515
15 0.425184 0.067504 0.026344 0.043956
15 0.222866 0.474097 0.028451 0.056515
15 0.102740 0.558870 0.036881 0.072214
15 0.464700 0.620879 0.035827 0.064364
