15 0.166367 0.752033 0.048561 0.118699
15 0.065198 0.911382 0.036871 0.128455
15 0.288669 0.726829 0.043165 0.104065
15 0.411421 0.740650 0.045863 0.115447
15 0.508094 0.703252 0.044964 0.079675
15 0.852068 0.390244 0.036871 0.084553
15 0.769784 0.167480 0.037770 0.091057
15 0.667716 0.144715 0.036871 0.081301
15 0.712230 0.107317 0.035971 0.097561
15 0.932104 0.170732 0.040468 0.091057
15 0.844424 0.272358 0.037770 0.092683
15 0.974820 0.288618 0.037770 0.095935
15 0.887140 0.183740 0.029676 0.081301
15 0.150629 0.183740 0.035072 0.084553
15 0.107464 0.438211 0.042266 0.108943
15 0.044514 0.312195 0.036871 0.084553
15 0.238309 0.147154 0.037770 0.082927
15 0.507644 0.174797 0.035072 0.066667
15 0.446942 0.200000 0.039568 0.087805
15 0.257644 0.065854 0.029676 0.053659
15 0.682554 0.781301 0.053957 0.112195
16 0.231115 0.465041 0.039568 0.087805
