15 0.431818 0.585770 0.053247 0.115010
15 0.183117 0.580897 0.049351 0.070175
15 0.127922 0.460039 0.042857 0.085770
15 0.322727 0.377193 0.042857 0.076023
15 0.372727 0.501949 0.046753 0.103314
15 0.598052 0.487329 0.048052 0.074074
15 0.642857 0.427875 0.038961 0.060429
15 0.748701 0.481481 0.050649 0.097466
15 0.826623 0.436647 0.040260 0.077973
15 0.859740 0.501949 0.046753 0.091618
15 0.973377 0.356725 0.048052 0.085770
15 0.975974 0.467836 0.048052 0.105263
15 0.812987 0.629630 0.057143 0.113060
15 0.625325 0.635478 0.053247 0.081871
15 0.417532 0.416179 0.040260 0.072125
15 0.156494 0.312865 0.029870 0.060429
15 0.572078 0.334308 0.029870 0.064327
15 0.651299 0.338207 0.029870 0.064327
15 0.396104 0.326511 0.028571 0.060429
