16 0.402344 0.828560 0.046875 0.108990
16 0.346436 0.947096 0.056152 0.105807
16 0.511719 0.847653 0.050781 0.120127
16 0.589111 0.942721 0.051270 0.114558
16 0.711426 0.892204 0.041992 0.113763
16 0.812012 0.860382 0.049805 0.120127
16 0.944824 0.906126 0.048828 0.130469
16 0.915527 0.756563 0.046875 0.111376
16 0.663818 0.778441 0.042480 0.086714
16 0.372314 0.702068 0.043457 0.101034
16 0.773438 0.668656 0.038086 0.083532
16 0.634033 0.647971 0.034668 0.085123
16 0.076660 0.730310 0.048828 0.090692
16 0.866455 0.538584 0.033691 0.084328
