16 0.300769 0.724607 0.075385 0.136126
16 0.541923 0.761780 0.057692 0.118325
16 0.661154 0.696335 0.048462 0.108901
16 0.870000 0.713089 0.060000 0.123560
16 0.535769 0.613089 0.045385 0.095288
16 0.619615 0.541885 0.046923 0.084817
16 0.333462 0.554974 0.039231 0.073298
16 0.235000 0.554450 0.037692 0.072251
16 0.305385 0.463874 0.040000 0.054450
16 0.884231 0.621990 0.048462 0.069110
16 0.930385 0.587435 0.040769 0.073298
16 0.678846 0.453403 0.025385 0.048168
16 0.583462 0.472251 0.023846 0.046073
16 0.859231 0.453403 0.027692 0.043979
16 0.891923 0.504188 0.030000 0.047120
16 0.837308 0.556545 0.033077 0.047120
16 0.471154 0.419895 0.026923 0.035602
16 0.498462 0.412565 0.018462 0.041885
