16 0.066285 0.752012 0.058546 0.111670
16 0.222746 0.784205 0.045760 0.099598
16 0.475437 0.792254 0.058546 0.109658
16 0.627187 0.865191 0.051144 0.112676
16 0.680686 0.803823 0.054509 0.114688
16 0.793069 0.830986 0.057201 0.114688
16 0.837147 0.782696 0.043069 0.098592
16 0.926985 0.918511 0.065276 0.124748
16 0.626178 0.712274 0.053163 0.090543
16 0.215007 0.690141 0.065276 0.088531
16 0.155114 0.716801 0.053163 0.097586
16 0.291050 0.675050 0.041050 0.092555
16 0.108681 0.654427 0.043742 0.075453
