16 0.321094 0.728337 0.057813 0.126464
16 0.382031 0.734192 0.057813 0.091335
16 0.145313 0.700234 0.043750 0.093677
16 0.071094 0.660422 0.060937 0.103044
16 0.578906 0.795082 0.045312 0.110070
16 0.650781 0.784543 0.035937 0.088993
16 0.662500 0.628806 0.040625 0.072600
16 0.502344 0.624122 0.048438 0.081967
16 0.428125 0.580796 0.046875 0.088993
16 0.183594 0.656909 0.035937 0.067916
16 0.271875 0.639344 0.037500 0.070258
16 0.289844 0.552693 0.039062 0.070258
16 0.359375 0.585480 0.040625 0.079625
16 0.562500 0.556206 0.037500 0.081967
16 0.485156 0.537471 0.035937 0.067916
16 0.612500 0.543326 0.037500 0.070258
16 0.125000 0.592506 0.050000 0.074941
16 0.076563 0.552693 0.034375 0.074941
16 0.172656 0.485948 0.042188 0.072600
16 0.289844 0.448478 0.032813 0.072600
16 0.393750 0.473068 0.031250 0.070258
16 0.426563 0.440281 0.028125 0.060890
16 0.557031 0.433255 0.032813 0.065574
16 0.611719 0.459016 0.029687 0.070258
16 0.700781 0.490632 0.035937 0.072600
16 0.667969 0.449649 0.032813 0.060890
16 0.771875 0.427400 0.034375 0.067916
16 0.732031 0.437939 0.029687 0.056206
16 0.733594 0.500000 0.029687 0.063232
16 0.790625 0.364169 0.031250 0.053864
16 0.429688 0.307963 0.025000 0.049180
16 0.528125 0.329040 0.025000 0.044496
