15 0.696933 0.766667 0.071166 0.123333
15 0.949080 0.825833 0.082209 0.138333
15 0.882209 0.690833 0.058896 0.091667
15 0.221472 0.706667 0.050307 0.100000
15 0.617178 0.527500 0.053988 0.081667
15 0.862577 0.539167 0.053988 0.098333
15 0.565644 0.491667 0.044172 0.083333
15 0.517178 0.395000 0.047853 0.086667
15 0.421472 0.404167 0.047853 0.085000
15 0.626994 0.255000 0.049080 0.070000
15 0.774847 0.332500 0.047853 0.081667
15 0.847239 0.195000 0.038037 0.073333
15 0.919632 0.283333 0.038037 0.070000
