15 0.136500 0.457333 0.119000 0.197333
15 0.223500 0.652667 0.115000 0.145333
15 0.895000 0.824667 0.210000 0.326667
15 0.381000 0.785333 0.156000 0.149333
15 0.589000 0.417333 0.082000 0.125333
15 0.085000 0.176000 0.100000 0.130667
15 0.294000 0.094667 0.080000 0.104000
15 0.434500 0.367333 0.081000 0.121333
15 0.744500 0.126000 0.049000 0.073333
16 0.688000 0.316667 0.058000 0.092000
16 0.817000 0.376000 0.070000 0.093333
16 0.935500 0.314000 0.059000 0.089333
15 0.854000 0.120667 0.046000 0.078667
15 0.428000 0.056667 0.058000 0.092000
15 0.617500 0.270000 0.045000 0.073333
