15 0.527518 0.474836 0.041537 0.096280
15 0.447560 0.487965 0.041537 0.087527
15 0.342679 0.473742 0.039460 0.094092
15 0.209761 0.500000 0.035306 0.067834
15 0.293873 0.214442 0.037383 0.091904
15 0.246106 0.314004 0.033229 0.076586
15 0.100727 0.450766 0.037383 0.083151
15 0.060228 0.378556 0.031153 0.083151
15 0.885254 0.439825 0.030114 0.083151
15 0.971443 0.477024 0.040498 0.096280
15 0.867082 0.076586 0.039460 0.078775
15 0.608515 0.475930 0.035306 0.076586
15 0.717030 0.507659 0.032191 0.091904
15 0.814123 0.480306 0.035306 0.080963
16 0.285566 0.917943 0.045691 0.111597
16 0.358255 0.065646 0.031153 0.070022
16 0.713915 0.199125 0.023884 0.078775
15 0.566978 0.364333 0.031153 0.076586
15 0.625649 0.296499 0.032191 0.076586
