16 0.696429 0.316176 0.031746 0.117647
16 0.924603 0.561275 0.087302 0.196078
16 0.909226 0.324755 0.050595 0.120098
16 0.620040 0.327206 0.029762 0.080882
16 0.402282 0.649510 0.046627 0.137255
16 0.334325 0.613971 0.039683 0.120098
16 0.625000 0.552696 0.067460 0.139706
16 0.724206 0.493873 0.035714 0.129902
16 0.867063 0.506127 0.035714 0.120098
16 0.798115 0.403186 0.054563 0.105392
16 0.571429 0.357843 0.029762 0.078431
16 0.201389 0.431373 0.029762 0.068627
16 0.350694 0.389706 0.020833 0.078431
16 0.295139 0.541667 0.034722 0.127451
16 0.562500 0.227941 0.035714 0.088235
16 0.448413 0.240196 0.023810 0.063725
16 0.497520 0.556373 0.074405 0.205882
16 0.644841 0.832108 0.079365 0.223039
