15 0.416219 0.229209 0.036738 0.117647
15 0.489247 0.302231 0.046595 0.121704
15 0.684588 0.444219 0.044803 0.133874
15 0.132168 0.141988 0.049283 0.101420
15 0.125448 0.331643 0.044803 0.107505
15 0.155914 0.529412 0.062724 0.133874
15 0.343638 0.236308 0.042115 0.119675
15 0.627240 0.059838 0.032258 0.079108
15 0.533154 0.055781 0.030466 0.075051
15 0.401882 0.044625 0.022401 0.060852
15 0.342294 0.098377 0.032258 0.079108
15 0.193548 0.873225 0.087814 0.180527
15 0.035394 0.434077 0.040323 0.154158
15 0.185932 0.280933 0.040323 0.087221
15 0.894713 0.340771 0.036738 0.117647
