16 0.117269 0.454704 0.032129 0.069686
16 0.453815 0.385017 0.028916 0.062718
16 0.359438 0.647213 0.029719 0.067944
16 0.659036 0.317944 0.028112 0.050523
16 0.754217 0.450348 0.032129 0.088850
16 0.784739 0.719512 0.032129 0.073171
16 0.895984 0.147213 0.026506 0.064460
16 0.604418 0.205575 0.026506 0.069686
16 0.557028 0.047909 0.020080 0.057491
16 0.487550 0.086237 0.025703 0.064460
16 0.219679 0.169861 0.031325 0.064460
16 0.216867 0.256969 0.030522 0.067944
16 0.809237 0.357143 0.018474 0.062718
15 0.238956 0.439895 0.031325 0.092334
